T	tau_y
0	591.15
10	579.27
20	572.29
30	566.43
40	561.21
50	556.41
60	551.92
70	547.67
80	543.63
90	519.71
100	494.68
110	471.94
120	451.17
130	432.10
140	414.53
150	398.29
160	383.24
170	369.24
180	356.20
190	344.02
200	332.62
210	321.94
220	311.91
230	302.49
240	293.62
250	285.25
260	277.36
270	269.91
280	262.86
290	256.18
300	249.86
310	243.86
320	238.17
330	232.77
340	227.63
350	222.75
360	218.10
370	213.67
380	209.45
390	205.43
400	201.59
410	197.93
420	194.43
430	191.09
440	187.90
450	184.84
460	181.92
470	179.12
480	176.44
490	173.87
500	171.41
