MnFeCoNiAl
increment: 10
strain_r: 0.001
temperature: 300
e: Mn-Co, Fe-Ni,Al
ratio:50.0:50.0,33.0:67.0,100
data:
Mn,Fe,Co,Ni,Al
12.60,12.09,11.12,10.94,16.472
338.84,26.375,262.89,199.1,65.498
130.52,8.9429,101.66,76.0,23.922
Start of Predicted Data
psA,psB,psC,Mn,Co,Fe,Ni,Al,V_ave,b_ave,E_ave,mu_ave,nu_ave,sum_cnVn^2_b6,Ty0_tensile,Delta_Eb,Delta_sigma_ss
0.0,0.0,1.0,0.0,0.0,0.0,0.0,1.0,16.472000000000005,2.85597089425,65.498,23.922,0.36899088705,0.0,0.0,0.0,nan
0.0,0.1,0.9,0.0,0.0,0.033,0.067,0.9,15.957133333333337,2.82589892302,73.1007,26.8945633333,0.359023738255,0.00474252260216,227.113095006,0.815851251353,26.797377448
0.0,0.2,0.8,0.0,0.0,0.067,0.133,0.8,15.442266666666669,2.79517293118,80.7034,29.8671266667,0.351040575491,0.00901643003883,377.753876401,1.07303776777,57.7413207451
0.0,0.3,0.7,0.0,0.0,0.1,0.2,0.7,14.927400000000002,2.76375615495,88.3061,32.83969,0.344502642991,0.0126892189199,511.369167497,1.26547548981,87.4280299099
0.0,0.4,0.6,0.0,0.0,0.133,0.267,0.6,14.412533333333336,2.73160840821,95.9088,35.8122533333,0.339050060705,0.0155970179469,629.440912279,1.41558648004,114.677353223
0.0,0.5,0.5,0.0,0.0,0.167,0.333,0.5,13.89766666666667,2.69868562845,103.5115,38.7848166667,0.33443327694,0.0175363889519,726.920333131,1.5265778071,137.596046475
0.0,0.6,0.4,0.0,0.0,0.2,0.4,0.4,13.3828,2.66493934333,111.1142,41.75738,0.330473798883,0.018253662777,794.345669595,1.59448760761,153.482648819
0.0,0.7,0.3,0.0,0.0,0.233,0.467,0.3,12.867933333333333,2.63031604002,118.7169,44.7299433333,0.327040581242,0.0174309527665,816.702990451,1.60895101722,158.457278849
0.0,0.8,0.2,0.0,0.0,0.267,0.533,0.2,12.353066666666667,2.59475641512,126.3196,47.7025066667,0.324035242872,0.0146676448915,769.378520347,1.54816836149,146.618730311
0.0,0.9,0.1,0.0,0.0,0.3,0.6,0.1,11.8382,2.55819447651,133.9223,50.67507,0.321382486497,0.00945566154784,605.13400266,1.35616147622,107.710915816
0.0,1.0,0.0,0.0,0.0,0.333,0.667,0.0,11.323333333333336,2.52055645997,141.525,53.6476333333,0.319023703438,0.00114605269555,155.801765749,0.677233662998,14.0831758828
0.1,0.0,0.9,0.05,0.05,0.0,0.0,0.9,16.010800000000003,2.82906337771,89.0347,33.1388,0.343360351008,0.00384072920314,231.823652507,0.918043092236,31.0155737454
0.1,0.1,0.8,0.05,0.05,0.033,0.067,0.8,15.495933333333335,2.79840721834,96.6374,36.1113633333,0.338046961949,0.00814032502308,410.193298181,1.23377718652,69.0399520929
0.1,0.2,0.7,0.05,0.05,0.067,0.133,0.7,14.981066666666669,2.76706425922,104.2401,39.0839266667,0.333541802095,0.0118509284901,562.603820708,1.45326877932,103.912861226
0.1,0.3,0.6,0.05,0.05,0.1,0.2,0.6,14.466200000000002,2.73499469092,111.8428,42.05649,0.329673493913,0.0148118460397,694.34490285,1.61719122621,135.030716491
0.1,0.4,0.5,0.05,0.05,0.133,0.267,0.5,13.951333333333336,2.70215487841,119.4455,45.0290533333,0.32631591337,0.0168236922608,801.221434209,1.7335691772,160.614931545
0.1,0.5,0.4,0.05,0.05,0.167,0.333,0.4,13.43646666666667,2.66849683659,127.0482,48.0016166667,0.323374178022,0.0176379986381,873.759939018,1.80016307528,177.895621063
0.1,0.6,0.3,0.05,0.05,0.2,0.4,0.3,12.921600000000002,2.63396761079,134.6509,50.97418,0.320775537733,0.0169435976605,896.395241062,1.80694095596,182.78045643
0.1,0.7,0.2,0.05,0.05,0.233,0.467,0.2,12.406733333333335,2.5985085403,142.2536,53.9467433333,0.318463277023,0.0143486215667,843.337990407,1.7311857546,168.959959146
0.1,0.8,0.1,0.05,0.05,0.267,0.533,0.1,11.891866666666669,2.56205437724,149.8563,56.9193066667,0.316392528089,0.0093564720169,665.013461501,1.51355366376,125.354074468
0.1,0.9,0.0,0.05,0.05,0.3,0.6,0.0,11.377,2.52453222451,157.459,59.89187,0.314527330671,0.00133340282449,189.862574479,0.793659375607,21.6665293894
0.2,0.0,0.8,0.1,0.1,0.0,0.0,0.8,15.549600000000002,2.80163404661,112.5714,42.3556,0.328884492251,0.0072641675958,433.856355411,1.37895595973,77.9377490106
0.2,0.1,0.7,0.1,0.1,0.033,0.067,0.7,15.034733333333335,2.77036447248,120.1741,45.3281633333,0.325600809328,0.0110115210747,606.71570222,1.63107969616,118.445669209
0.2,0.2,0.6,0.1,0.1,0.067,0.133,0.6,14.519866666666669,2.73837260901,127.7768,48.3007266667,0.322721300673,0.0140241737393,753.120328357,1.81165050478,153.726295576
0.2,0.3,0.5,0.1,0.1,0.1,0.2,0.5,14.005000000000003,2.70561524295,135.3795,51.27329,0.320175670412,0.0161066997927,870.162173146,1.93522550633,182.210958158
0.2,0.4,0.4,0.1,0.1,0.133,0.267,0.4,13.490133333333334,2.67204486975,142.9822,54.2458533333,0.317909030958,0.0170157080159,948.52478673,2.00182740557,201.103805779
0.2,0.5,0.3,0.1,0.1,0.167,0.333,0.3,12.975266666666668,2.63760908491,150.5849,57.2184166667,0.315877900618,0.0164465853309,972.195423053,2.00199860166,206.128755287
0.2,0.6,0.2,0.1,0.1,0.2,0.4,0.2,12.460400000000002,2.60224986088,158.1876,60.19098,0.314047387167,0.0140159882822,914.311939625,1.91226316893,190.598299962
0.2,0.7,0.1,0.1,0.1,0.233,0.467,0.1,11.945533333333334,2.5659026825,165.7903,63.1635433333,0.312389166683,0.00923849568695,723.133537203,1.67013205788,142.662273721
0.2,0.8,0.0,0.1,0.1,0.267,0.533,0.0,11.430666666666667,2.52849550586,173.393,66.1361066667,0.310880007451,0.00149514950604,223.860311113,0.909875975309,29.691995708
0.3,0.0,0.7,0.15,0.15,0.0,0.0,0.7,15.088400000000002,2.77365684162,136.1081,51.5724,0.319582761322,0.0101710840996,643.08525127,1.79758281839,130.854959099
0.3,0.1,0.6,0.15,0.15,0.033,0.067,0.6,14.573533333333335,2.74174221394,143.7108,54.5449633333,0.317360863566,0.0132341200744,805.305644291,1.99813731726,170.625082309
0.3,0.2,0.5,0.15,0.15,0.067,0.133,0.5,14.058666666666669,2.70906677874,151.3135,57.5175266667,0.31536862561,0.015385572063,933.372110305,2.13095568628,202.263996396
0.3,0.3,0.4,0.15,0.15,0.1,0.2,0.4,13.543800000000003,2.67558350545,158.9162,60.49009,0.313572190089,0.0163870061402,1018.32721753,2.19901958169,222.999477858
0.3,0.4,0.3,0.15,0.15,0.133,0.267,0.3,13.028933333333335,2.64124053189,166.5189,63.4626533333,0.3119440431,0.015940203569,1043.82448888,2.19373664055,228.402425195
0.3,0.5,0.2,0.15,0.15,0.167,0.333,0.2,12.51406666666667,2.60598045429,174.1216,66.4352166667,0.310461595043,0.013670129689,982.03245116,2.09104478924,211.437429236
0.3,0.6,0.1,0.15,0.15,0.2,0.4,0.1,11.999200000000004,2.56973947899,181.7243,69.40778,0.309106126143,0.00910224748143,779.201669389,1.82550942576,159.534417645
0.3,0.7,0.0,0.15,0.15,0.233,0.467,0.0,11.484333333333332,2.53244640154,189.327,72.3803433333,0.307861991812,0.00163198439011,257.423510708,1.02551728988,37.9755166983
0.4,0.0,0.6,0.2,0.2,0.0,0.0,0.6,14.627200000000002,2.74510355667,159.6448,60.7892,0.313101669375,0.0124418009901,850.513206257,2.17579371489,185.599160271
0.4,0.1,0.5,0.2,0.2,0.033,0.067,0.5,14.112333333333337,2.71250954189,167.2475,63.7617633333,0.311503095716,0.0146604654588,990.542709144,2.32016227928,220.665459273
0.4,0.2,0.4,0.2,0.2,0.067,0.133,0.4,13.597466666666667,2.67911280566,174.8502,66.7343266667,0.310046933367,0.0157521026974,1082.9024172,2.39127806107,243.485290209
0.4,0.3,0.3,0.2,0.2,0.1,0.2,0.3,13.082600000000001,2.64486202046,182.4529,69.70689,0.308714963471,0.0154247326913,1111.03898155,2.38176735507,249.510316389
0.4,0.4,0.2,0.2,0.2,0.133,0.267,0.2,12.567733333333335,2.60970039711,190.0556,72.6794533333,0.307491947747,0.0133114203042,1046.25638132,2.26717276897,231.387598301
0.4,0.5,0.1,0.2,0.2,0.167,0.333,0.1,12.05286666666667,2.57356485237,197.6583,75.6520166667,0.306365042924,0.00894822849215,832.941691994,1.97929569915,175.873983551
0.4,0.6,0.0,0.2,0.2,0.2,0.4,0.0,11.538000000000002,2.53638500788,205.261,78.62458,0.305323347991,0.00174458009695,290.173286698,1.14009539597,46.3533309479
0.5,0.0,0.5,0.25,0.25,0.0,0.0,0.5,14.166000000000004,2.71594358793,183.1815,70.006,0.308327143388,0.0139315323487,1041.38972937,2.50221306815,237.31309832
0.5,0.1,0.4,0.25,0.25,0.033,0.067,0.4,13.651133333333334,2.68263283173,190.7842,72.9785633333,0.307124937008,0.015111201981,1142.00713779,2.57812248167,262.470301082
0.5,0.2,0.3,0.25,0.25,0.067,0.133,0.3,13.136266666666668,2.64847361862,198.3869,75.9511266667,0.306016834159,0.0149004457478,1173.61267059,2.56569031444,269.366961454
0.5,0.3,0.2,0.25,0.25,0.1,0.2,0.2,12.621400000000001,2.61340976503,205.9896,78.92369,0.304992201961,0.0129402248014,1106.75338273,2.4402786726,250.363656319
0.5,0.4,0.1,0.25,0.25,0.133,0.267,0.1,12.106533333333333,2.57737888727,213.5923,81.8962533333,0.304041951288,0.00877692638867,884.08688696,2.13109135363,191.587900098
0.5,0.5,0.0,0.25,0.25,0.167,0.333,0.0,11.591666666666669,2.54031141998,221.195,84.8688166667,0.303158266415,0.00183359079964,321.730118084,1.25305054603,54.6748509788
0.6,0.0,0.4,0.3,0.3,0.0,0.0,0.4,13.7048,2.68614364433,206.7182,79.2228,0.304663556451,0.0144645030385,1195.40534863,2.75904108006,279.867148469
0.6,0.1,0.3,0.3,0.3,0.033,0.067,0.3,13.189933333333334,2.65207539362,214.3209,82.1953633333,0.30372864909,0.0143676087245,1231.32633636,2.74508387098,287.890447685
0.6,0.2,0.2,0.3,0.3,0.067,0.133,0.2,12.675066666666668,2.61710863288,221.9236,85.1679266667,0.302859002712,0.0125568982924,1163.29893085,2.60997728556,268.28353369
0.6,0.3,0.1,0.3,0.3,0.1,0.2,0.1,12.160200000000001,2.58118166736,229.5263,88.14049,0.302048014482,0.0085888158142,932.375529361,2.28048203361,206.585576344
0.6,0.4,0.0,0.3,0.3,0.133,0.267,0.0,11.645333333333335,2.54422573181,237.129,91.1130533333,0.301289943234,0.00189965278654,351.714928366,1.36376769667,62.7983293668
0.7,0.0,0.3,0.35,0.35,0.0,0.0,0.3,13.2436,2.65566741199,230.2549,88.4396,0.301763576497,0.0138264807393,1283.96140422,2.9194981076,305.000783814
0.7,0.1,0.2,0.35,0.35,0.033,0.067,0.2,12.728733333333334,2.62079707465,237.8576,91.4121633333,0.301017235161,0.0121617866004,1215.66979458,2.77586133837,285.067034103
0.7,0.2,0.1,0.35,0.35,0.067,0.133,0.1,12.21386666666667,2.58497327529,245.4603,94.3847266667,0.300317904542,0.00838435876839,977.547667559,2.42703355869,220.778049267
0.7,0.3,0.0,0.35,0.35,0.1,0.2,0.0,11.699000000000002,2.54812803615,253.063,97.35729,0.299661278575,0.0019433850045,379.74760124,1.47157795213,70.5878568932
0.8,0.0,0.2,0.4,0.4,0.0,0.0,0.2,12.782400000000003,2.62447516351,253.7916,97.6564,0.299410996105,0.0117552265232,1263.64073231,2.93749638525,300.63482525
0.8,0.1,0.1,0.4,0.4,0.033,0.067,0.1,12.267533333333335,2.58875379276,261.3943,100.628963333,0.298802508449,0.00816400497757,1019.34250876,2.5702868091,234.077209776
0.8,0.2,0.0,0.4,0.4,0.067,0.133,0.0,11.752666666666668,2.55201842468,268.997,103.601526667,0.298228938583,0.00196538958361,405.444087832,1.57575159657,77.9110292034
0.9,0.0,0.1,0.45,0.45,0.0,0.0,0.1,12.321200000000001,2.59252330052,277.3283,106.8732,0.29746419121,0.00792819225282,1057.49606117,2.70975213147,246.395069759
0.9,0.1,0.0,0.45,0.45,0.033,0.067,0.0,11.806333333333333,2.55589698794,284.931,109.845763333,0.296959442739,0.0019662523441,428.412477526,1.67548492787,84.6369286187
1.0,0.0,0.0,0.5,0.5,0.0,0.0,0.0,11.86,2.55976381538,300.865,116.09,0.295826513912,0.00194654328606,448.24802928,1.7698809819,90.6341960243
