comp(psA)	comp(psB)	comp(psC)	Mn	Co	Fe	Ni	Al	V_ave	b_ave	E_ave	G_ave	nu_ave	T	sum_cnVn^2_b6	Ty0	Delta_Eb	Delta_sigma_ss	std_V_ave	std_b_ave	std_E_ave	std_G_ave	std_nu_ave	std_sum_cnVn^2_b6	std_Ty0	std_Delta_Eb	std_Delta_sigma_ss
0.00	0.00	100.00	0.00	0.00	0.00	0.00	100.00	16.47	2.86	65.60	23.91	0.37	300.00	0.00	0.00	0.00	0.00	0.50	0.03	3.16	1.19	0.02	0.00	0.00	0.00	0.00
0.00	10.00	90.00	0.00	0.00	5.00	5.00	90.00	15.98	2.82	78.72	29.01	0.36	300.00	0.00	78.06	0.86	103.23	0.45	0.03	2.92	1.12	0.02	0.00	12.57	0.07	23.59
0.00	20.00	80.00	0.00	0.00	10.00	10.00	80.00	15.48	2.79	91.84	34.11	0.36	300.00	0.01	138.91	1.21	222.36	0.40	0.02	2.86	1.11	0.01	0.00	21.82	0.10	40.33
0.00	30.00	70.00	0.00	0.00	15.00	15.00	70.00	14.99	2.76	104.95	39.20	0.35	300.00	0.01	197.61	1.49	347.47	0.36	0.02	3.01	1.18	0.01	0.00	30.48	0.12	66.50
0.00	40.00	60.00	0.00	0.00	20.00	20.00	60.00	14.49	2.73	118.07	44.30	0.35	300.00	0.01	252.35	1.73	474.53	0.32	0.02	3.33	1.31	0.01	0.00	38.38	0.14	87.20
0.00	50.00	50.00	0.00	0.00	25.00	25.00	50.00	13.99	2.69	131.18	49.40	0.34	300.00	0.02	299.42	1.92	586.77	0.28	0.02	3.77	1.48	0.01	0.00	45.06	0.15	104.92
0.00	60.00	40.00	0.00	0.00	30.00	30.00	40.00	13.50	2.66	144.30	54.49	0.34	300.00	0.02	333.66	2.05	669.95	0.25	0.02	4.31	1.68	0.01	0.00	49.82	0.16	117.77
0.00	70.00	30.00	0.00	0.00	35.00	35.00	30.00	13.00	2.63	157.41	59.59	0.33	300.00	0.02	347.86	2.11	705.48	0.23	0.02	4.91	1.90	0.01	0.00	51.68	0.17	123.00
0.00	80.00	20.00	0.00	0.00	40.00	40.00	20.00	12.51	2.60	170.53	64.69	0.33	300.00	0.01	331.16	2.07	666.89	0.22	0.02	5.55	2.13	0.01	0.00	49.20	0.16	116.72
0.00	90.00	10.00	0.00	0.00	45.00	45.00	10.00	12.01	2.57	183.64	69.78	0.32	300.00	0.01	263.91	1.85	509.89	0.23	0.02	6.22	2.38	0.01	0.00	40.51	0.15	93.95
0.00	100.00	0.00	0.00	0.00	50.00	50.00	0.00	11.51	2.53	196.76	74.88	0.32	300.00	0.00	77.65	0.96	116.76	0.24	0.02	6.91	2.63	0.01	0.00	42.25	0.29	79.01
10.00	0.00	90.00	5.00	5.00	0.00	0.00	90.00	16.01	2.83	82.07	30.30	0.36	300.00	0.00	74.54	0.86	98.76	0.45	0.03	2.95	1.12	0.02	0.00	12.99	0.08	24.34
10.00	10.00	80.00	5.00	5.00	5.00	5.00	80.00	15.52	2.79	95.19	35.39	0.36	300.00	0.01	138.07	1.23	222.14	0.40	0.02	2.72	1.05	0.01	0.00	21.44	0.10	40.28
10.00	20.00	70.00	5.00	5.00	10.00	10.00	70.00	15.02	2.76	108.30	40.49	0.35	300.00	0.01	198.39	1.52	352.31	0.36	0.02	2.69	1.06	0.01	0.00	29.92	0.12	65.64
10.00	30.00	60.00	5.00	5.00	15.00	15.00	60.00	14.52	2.73	121.42	45.59	0.35	300.00	0.01	254.28	1.77	482.25	0.31	0.02	2.87	1.14	0.01	0.00	37.71	0.14	85.96
10.00	40.00	50.00	5.00	5.00	20.00	20.00	50.00	14.03	2.70	134.53	50.68	0.34	300.00	0.02	302.21	1.96	596.65	0.27	0.02	3.22	1.27	0.01	0.00	44.28	0.15	103.41
10.00	50.00	40.00	5.00	5.00	25.00	25.00	40.00	13.53	2.67	147.65	55.78	0.34	300.00	0.02	337.10	2.10	681.42	0.24	0.01	3.70	1.45	0.01	0.00	48.93	0.16	115.99
10.00	60.00	30.00	5.00	5.00	30.00	30.00	30.00	13.04	2.63	160.76	60.88	0.33	300.00	0.02	351.80	2.16	718.03	0.21	0.01	4.27	1.66	0.01	0.00	50.68	0.16	120.95
10.00	70.00	20.00	5.00	5.00	35.00	35.00	20.00	12.54	2.60	173.88	65.97	0.33	300.00	0.01	335.52	2.11	680.10	0.20	0.01	4.89	1.89	0.01	0.00	48.09	0.16	114.41
10.00	80.00	10.00	5.00	5.00	40.00	40.00	10.00	12.04	2.57	187.00	71.07	0.32	300.00	0.01	268.82	1.89	523.58	0.20	0.01	5.54	2.13	0.01	0.00	39.15	0.15	91.16
10.00	90.00	0.00	5.00	5.00	45.00	45.00	0.00	11.55	2.54	200.11	76.17	0.32	300.00	0.00	87.20	1.05	134.26	0.22	0.02	6.23	2.38	0.01	0.00	37.29	0.23	71.94
20.00	0.00	80.00	10.00	10.00	0.00	0.00	80.00	15.55	2.80	98.54	36.68	0.36	300.00	0.01	136.40	1.25	220.85	0.40	0.02	3.00	1.14	0.01	0.00	23.23	0.11	44.60
20.00	10.00	70.00	10.00	10.00	5.00	5.00	70.00	15.06	2.76	111.65	41.78	0.35	300.00	0.01	198.54	1.55	355.75	0.35	0.02	2.80	1.09	0.01	0.00	30.70	0.12	67.69
20.00	20.00	60.00	10.00	10.00	10.00	10.00	60.00	14.56	2.73	124.77	46.87	0.35	300.00	0.01	255.67	1.80	488.73	0.31	0.02	2.79	1.10	0.01	0.00	38.01	0.14	86.98
20.00	30.00	50.00	10.00	10.00	15.00	15.00	50.00	14.06	2.70	137.89	51.97	0.34	300.00	0.02	304.53	2.00	605.42	0.27	0.02	2.99	1.19	0.01	0.00	44.25	0.15	103.69
20.00	40.00	40.00	10.00	10.00	20.00	20.00	40.00	13.57	2.67	151.00	57.07	0.34	300.00	0.02	340.12	2.13	691.88	0.23	0.01	3.36	1.33	0.01	0.00	48.64	0.16	115.64
20.00	50.00	30.00	10.00	10.00	25.00	25.00	30.00	13.07	2.64	164.12	62.16	0.33	300.00	0.02	355.36	2.20	729.67	0.20	0.01	3.84	1.51	0.01	0.00	50.16	0.16	120.04
20.00	60.00	20.00	10.00	10.00	30.00	30.00	20.00	12.58	2.60	177.23	67.26	0.33	300.00	0.01	339.52	2.15	692.47	0.19	0.01	4.41	1.71	0.01	0.00	47.34	0.16	112.98
20.00	70.00	10.00	10.00	10.00	35.00	35.00	10.00	12.08	2.57	190.35	72.36	0.32	300.00	0.01	273.35	1.93	536.45	0.19	0.01	5.03	1.94	0.01	0.00	38.15	0.14	89.17
20.00	80.00	0.00	10.00	10.00	40.00	40.00	0.00	11.58	2.54	203.46	77.45	0.32	300.00	0.00	94.97	1.12	149.54	0.20	0.01	5.68	2.18	0.01	0.00	34.93	0.21	67.96
30.00	0.00	70.00	15.00	15.00	0.00	0.00	70.00	15.09	2.77	115.01	43.06	0.35	300.00	0.01	197.98	1.58	357.61	0.36	0.02	3.30	1.26	0.01	0.00	33.13	0.14	73.41
30.00	10.00	60.00	15.00	15.00	5.00	5.00	60.00	14.60	2.73	128.12	48.16	0.35	300.00	0.01	256.50	1.83	493.85	0.31	0.02	3.14	1.22	0.01	0.00	39.50	0.15	90.77
30.00	20.00	50.00	15.00	15.00	10.00	10.00	50.00	14.10	2.70	141.24	53.26	0.34	300.00	0.02	306.37	2.03	613.01	0.27	0.02	3.16	1.24	0.01	0.00	45.14	0.15	106.15
30.00	30.00	40.00	15.00	15.00	15.00	15.00	40.00	13.60	2.67	154.35	58.35	0.34	300.00	0.02	342.72	2.17	701.29	0.23	0.01	3.36	1.32	0.01	0.00	49.07	0.16	117.03
30.00	40.00	30.00	15.00	15.00	20.00	20.00	30.00	13.11	2.64	167.47	63.45	0.33	300.00	0.02	358.53	2.23	740.36	0.20	0.01	3.71	1.45	0.01	0.00	50.21	0.16	120.51
30.00	50.00	20.00	15.00	15.00	25.00	25.00	20.00	12.61	2.61	180.58	68.55	0.33	300.00	0.01	343.15	2.19	703.96	0.18	0.01	4.17	1.63	0.01	0.00	47.05	0.16	112.63
30.00	60.00	10.00	15.00	15.00	30.00	30.00	10.00	12.12	2.57	193.70	73.64	0.32	300.00	0.01	277.51	1.97	548.46	0.17	0.01	4.71	1.83	0.01	0.00	37.57	0.14	88.14
30.00	70.00	0.00	15.00	15.00	35.00	35.00	0.00	11.62	2.54	206.81	78.74	0.32	300.00	0.00	101.64	1.17	162.98	0.19	0.01	5.31	2.04	0.01	0.00	34.14	0.20	67.04
40.00	0.00	60.00	20.00	20.00	0.00	0.00	60.00	14.63	2.74	131.47	49.45	0.35	300.00	0.01	256.72	1.86	497.53	0.32	0.02	3.78	1.45	0.01	0.00	42.32	0.16	97.66
40.00	10.00	50.00	20.00	20.00	5.00	5.00	50.00	14.13	2.70	144.59	54.54	0.34	300.00	0.01	307.69	2.07	619.34	0.27	0.02	3.67	1.42	0.01	0.00	47.08	0.16	111.10
40.00	20.00	40.00	20.00	20.00	10.00	10.00	40.00	13.64	2.67	157.70	59.64	0.34	300.00	0.02	344.85	2.21	709.58	0.23	0.01	3.71	1.44	0.01	0.00	50.35	0.17	120.46
40.00	30.00	30.00	20.00	20.00	15.00	15.00	30.00	13.14	2.64	170.82	64.74	0.33	300.00	0.02	361.28	2.27	750.03	0.20	0.01	3.90	1.52	0.01	0.00	50.93	0.17	122.61
40.00	40.00	20.00	20.00	20.00	20.00	20.00	20.00	12.65	2.61	183.94	69.83	0.33	300.00	0.01	346.40	2.23	714.52	0.18	0.01	4.22	1.64	0.01	0.00	47.31	0.16	113.59
40.00	50.00	10.00	20.00	20.00	25.00	25.00	10.00	12.15	2.58	197.05	74.93	0.32	300.00	0.01	281.27	2.00	559.56	0.17	0.01	4.65	1.80	0.01	0.00	37.49	0.14	88.28
40.00	60.00	0.00	20.00	20.00	30.00	30.00	0.00	11.65	2.54	210.17	80.03	0.32	300.00	0.00	107.39	1.22	174.88	0.18	0.01	5.16	1.99	0.01	0.00	34.60	0.20	68.83
50.00	0.00	50.00	25.00	25.00	0.00	0.00	50.00	14.17	2.71	147.94	55.83	0.34	300.00	0.01	308.45	2.10	624.32	0.28	0.02	4.40	1.68	0.01	0.00	50.15	0.18	118.78
50.00	10.00	40.00	25.00	25.00	5.00	5.00	40.00	13.67	2.68	161.06	60.93	0.34	300.00	0.02	346.50	2.24	716.68	0.24	0.02	4.32	1.66	0.01	0.00	52.55	0.18	126.14
50.00	20.00	30.00	25.00	25.00	10.00	10.00	30.00	13.18	2.64	174.17	66.02	0.33	300.00	0.02	363.60	2.31	758.62	0.21	0.01	4.37	1.69	0.01	0.00	52.43	0.17	126.59
50.00	30.00	20.00	25.00	25.00	15.00	15.00	20.00	12.68	2.61	187.29	71.12	0.33	300.00	0.01	349.23	2.26	724.08	0.18	0.01	4.55	1.76	0.01	0.00	48.20	0.16	116.07
50.00	40.00	10.00	25.00	25.00	20.00	20.00	10.00	12.19	2.58	200.40	76.22	0.32	300.00	0.01	284.61	2.04	569.70	0.17	0.01	4.85	1.87	0.01	0.00	38.00	0.14	89.76
50.00	50.00	0.00	25.00	25.00	25.00	25.00	0.00	11.69	2.55	213.52	81.31	0.32	300.00	0.00	112.33	1.26	185.69	0.18	0.01	5.24	2.02	0.01	0.00	36.10	0.21	72.90
60.00	0.00	40.00	30.00	30.00	0.00	0.00	40.00	13.71	2.68	164.41	62.21	0.34	300.00	0.02	347.63	2.28	722.50	0.25	0.02	5.09	1.94	0.01	0.00	55.77	0.19	134.25
60.00	10.00	30.00	30.00	30.00	5.00	5.00	30.00	13.21	2.65	177.52	67.31	0.33	300.00	0.01	365.45	2.34	766.08	0.22	0.01	5.04	1.93	0.01	0.00	54.78	0.19	132.62
60.00	20.00	20.00	30.00	30.00	10.00	10.00	20.00	12.72	2.61	190.64	72.41	0.33	300.00	0.01	351.63	2.30	732.60	0.19	0.01	5.10	1.96	0.01	0.00	49.82	0.17	120.29
60.00	30.00	10.00	30.00	30.00	15.00	15.00	10.00	12.22	2.58	203.75	77.50	0.32	300.00	0.01	287.50	2.07	578.81	0.18	0.01	5.27	2.02	0.01	0.00	39.16	0.15	92.79
60.00	40.00	0.00	30.00	30.00	20.00	20.00	0.00	11.73	2.55	216.87	82.60	0.32	300.00	0.00	116.47	1.30	195.15	0.18	0.01	5.54	2.13	0.01	0.00	38.48	0.22	78.93
70.00	0.00	30.00	35.00	35.00	0.00	0.00	30.00	13.25	2.65	180.88	68.60	0.33	300.00	0.01	366.81	2.38	772.31	0.24	0.02	5.84	2.22	0.01	0.00	58.04	0.20	140.86
70.00	10.00	20.00	35.00	35.00	5.00	5.00	20.00	12.75	2.62	193.99	73.69	0.33	300.00	0.01	353.57	2.33	739.99	0.21	0.01	5.81	2.22	0.01	0.00	52.23	0.18	126.42
70.00	20.00	10.00	35.00	35.00	10.00	10.00	10.00	12.26	2.58	207.11	78.79	0.32	300.00	0.01	289.94	2.10	586.83	0.20	0.01	5.87	2.24	0.01	0.00	41.05	0.16	97.54
70.00	30.00	0.00	35.00	35.00	15.00	15.00	0.00	11.76	2.55	220.22	83.89	0.32	300.00	0.00	119.82	1.33	203.47	0.20	0.01	6.03	2.31	0.01	0.00	41.66	0.24	86.49
80.00	0.00	20.00	40.00	40.00	0.00	0.00	20.00	12.79	2.62	197.34	74.98	0.33	300.00	0.01	355.02	2.36	746.18	0.23	0.02	6.63	2.52	0.01	0.00	55.49	0.20	134.60
80.00	10.00	10.00	40.00	40.00	5.00	5.00	10.00	12.29	2.59	210.46	80.08	0.32	300.00	0.01	291.87	2.13	593.68	0.22	0.02	6.61	2.51	0.01	0.00	43.73	0.17	104.16
80.00	20.00	0.00	40.00	40.00	10.00	10.00	0.00	11.80	2.55	223.57	85.17	0.32	300.00	0.00	122.34	1.35	210.19	0.22	0.02	6.67	2.54	0.01	0.00	45.62	0.26	95.69
90.00	0.00	10.00	45.00	45.00	0.00	0.00	10.00	12.33	2.59	213.81	81.36	0.32	300.00	0.01	293.28	2.16	599.28	0.24	0.02	7.43	2.82	0.01	0.00	47.25	0.19	112.77
90.00	10.00	0.00	45.00	45.00	5.00	5.00	0.00	11.83	2.56	226.93	86.46	0.32	300.00	0.00	123.95	1.37	215.38	0.24	0.02	7.43	2.82	0.01	0.00	50.43	0.29	106.46
100.00	0.00	0.00	50.00	50.00	0.00	0.00	0.00	11.87	2.56	230.28	87.75	0.32	300.00	0.00	124.47	1.38	218.49	0.26	0.02	8.26	3.13	0.01	0.00	56.41	0.34	119.30
