T	tau_y
0	516.31
10	509.21
20	474.32
30	421.40
40	380.40
50	346.95
60	318.85
70	294.75
80	273.80
90	255.38
100	239.06
110	224.49
120	211.41
130	199.60
140	188.91
150	179.19
160	170.32
170	162.21
180	154.76
190	147.92
200	141.62
210	135.80
220	130.41
230	125.43
240	120.80
250	116.50
260	112.51
270	108.78
280	105.31
290	102.07
300	99.15
310	96.42
320	93.87
330	91.49
340	89.26
350	87.17
360	85.21
370	83.38
380	81.65
390	80.03
400	78.51
410	77.08
420	75.73
430	74.46
440	73.26
450	72.13
460	71.07
470	70.06
480	69.11
490	68.21
500	67.36
