tau_y_300	kappa_300	kappa_500	tau_y_500	kappa_700	tau_y_700	kappa_900	tau_y_900	kappa_1100	tau_y_1100	kappa_1300	tau_y_1300	kappa_1500	tau_y_1500
7007.18085	0.03065	0.32004	5189.09951	0.14943	6203.00239	0.07632	6658.81992	0.51317	4367.80028	0.50251	4421.14623	0.50187	4424.22722
6877.26719	0.04598	0.38887	4791.43107	0.15694	6156.15185	0.14575	6214.86344	0.52004	4333.38775	0.50829	4392.04275	0.57239	4074.76432
6863.33523	0.05579	0.39585	4751.71428	0.16520	6104.73977	0.15571	6152.09130	0.54688	4200.15990	0.51412	4362.76308	0.62453	3825.25075
6732.43583	0.06893	1.00010	2291.59584	0.26897	5470.21352	0.15618	6149.16784	0.55429	4163.69277	0.52000	4333.33008	0.63658	3768.71500
6515.72652	0.10372	1.05015	2123.20482	0.75593	3235.65861	0.15817	6136.63147	0.79427	3071.39986	0.56627	4104.79646	0.67252	3602.65388
2297.53406	1.00060	1.10020	1963.51263	1.00003	2288.47869	0.80743	3017.65264	1.06947	2053.10455	1.00015	2283.98689	1.00014	2283.37006
2129.54670	1.05077	1.15027	1812.45986	1.05004	2119.84298	1.05671	2095.90909	1.14550	1818.03703	1.10514	1939.29264	1.05002	2114.76058
1970.28554	1.10096	1.20052	1669.47326	1.10007	1959.89520	1.10002	1957.74576	1.20002	1661.66461	1.12599	1875.37317	1.10044	1953.12680
1819.69706	1.15118	1.25065	1535.28729	1.15010	1808.57399	1.15004	1806.26994	1.25003	1526.98518	1.18228	1710.25387	1.22160	1600.31116
1677.68909	1.20142	1.30080	1409.34444	1.20014	1665.78009	1.20005	1663.31537	1.29971	1401.35235	1.25813	1504.61223	1.23465	1565.27244
1608.88284	1.22693	1.34404	1307.24076	1.25018	1531.37905	1.23929	1557.07104	1.30005	1400.51929	1.30002	1399.16736	1.29808	1402.86254
1073.37898	1.46209	1.35096	1291.45148	1.30024	1405.20401	1.25008	1528.74633	1.35007	1282.06909	1.35003	1280.63234	1.35839	1260.44574
971.70917	1.51743	1.36381	1262.52742	1.35030	1287.05899	1.30011	1402.39494	1.35915	1261.40350	1.40005	1169.88615	1.37350	1226.55068
958.24226	1.52514	1.38359	1219.01805	1.40056	1176.32193	1.35015	1284.06415	1.40010	1171.41086	1.41266	1143.17362	1.40002	1168.73101
878.87894	1.57258	1.40115	1181.38868	1.45069	1073.49344	1.40019	1173.53090	1.45013	1068.29816	1.45007	1066.68185	1.45004	1065.45823
871.91415	1.57692	1.45135	1078.91297	1.50083	977.96433	1.45024	1070.54935	1.50017	972.46510	1.48579	997.44667	1.50005	969.45849
789.59104	1.63080	1.50158	983.76117	1.55098	889.45423	1.50030	974.85409	1.55021	883.62955	1.50009	970.75313	1.55007	880.44894
714.50464	1.68470	1.60480	810.08099	1.60115	807.66927	1.55037	886.16336	1.60027	801.49624	1.55012	881.81746	1.60009	798.13375
646.25284	1.73864	1.79712	556.98321	1.65133	732.30517	1.60067	803.83189	1.65032	725.75986	1.60016	799.57931	1.61759	770.86273
584.43511	1.79261	1.86044	491.26212	1.70153	663.05024	1.65079	728.22225	1.70039	656.10796	1.65020	723.73312	1.65012	722.20714
528.65446	1.84663	1.88686	466.14245	1.75175	599.58803	1.70093	658.70751	1.75069	591.94123	1.70025	653.96631	1.70016	652.35635
478.52003	1.90072	1.95120	410.25376	1.88776	454.35777	1.75109	594.97137	1.80082	533.48566	1.75030	589.96195	1.75020	588.26434
331.21252	2.11002	1.99446	376.63556	1.93595	411.37212	1.80125	536.69574	1.85095	480.16389	1.80036	531.40141	1.80024	529.61241
305.78488	2.15930	2.02757	352.92252	2.09712	295.05911	1.85143	483.56275	1.90109	431.66104	1.85043	477.96687	1.85029	476.08264
280.97928	2.21417	2.06022	331.14546	2.11693	283.36747	2.05332	315.54105	2.29026	186.45765	1.90075	429.11223	1.90035	427.36001
261.42551	2.26391	2.35688	194.30460	2.15001	264.96882	2.21714	223.33399	2.30127	182.18775	1.95087	384.97765	1.95041	383.13441
247.02947	2.30552	2.40651	180.04505	2.16940	254.81908	2.24929	208.97246	2.33346	170.33976	2.32977	167.47700	2.00048	343.10255
234.34310	2.34693	2.45736	167.43071	2.18286	248.04130	2.26760	201.27759	2.36585	159.35103	2.38340	149.41090	2.37023	150.42631
205.73344	2.46699	2.47496	163.49776	2.21552	232.45743	2.30048	188.29994	2.38361	153.69997	2.41606	139.56048	2.46485	122.88865
195.75704	2.52458	2.50969	156.35105	2.24984	217.35051	2.33541	175.62961	2.42221	142.28112	2.44897	130.44665	2.49831	114.67957
187.21714	2.58751	2.56383	146.71470	2.29006	201.19998	2.37809	161.60569	2.49539	123.62394	2.48687	120.89774	2.52170	109.36847
185.15182	2.60583	2.56525	146.48449	2.44792	151.89284	2.46386	137.80652	2.56665	108.77971	2.54101	108.87164	2.53687	106.10262
180.64067	2.65292	2.61480	139.16522	2.48561	142.97584	2.52614	123.75570	2.60424	102.11086	2.54534	107.98643	2.59129	95.46851
180.53537	2.65418	2.62017	138.44909	2.52332	134.99468	2.56378	116.42169	2.64186	96.16053	2.64467	90.46483	2.73419	74.48842
179.08669	2.67245	2.66268	133.28000	2.56105	127.88049	2.60145	109.87701	2.67951	90.87268	2.68224	85.09396	2.74733	72.98959
176.29732	2.71496	2.67918	131.50068	2.68363	110.00857	2.83981	83.21156	2.88568	71.52229	2.71984	80.32472	2.78340	69.19719
176.23929	2.71599	2.71054	128.44698	2.72351	105.68794	2.89156	80.04491	2.89701	70.84438	2.80374	71.61792	2.78909	68.63980
175.72739	2.72546	2.74142	125.83572	2.74059	104.03343	2.90087	79.55240	2.95359	67.93628	2.90514	64.09445	2.81972	65.82168
174.93894	2.74158	2.75463	124.83192	2.74915	103.24577	2.93834	77.79204	2.95814	67.73499	2.91858	63.30600	2.84482	63.73054
173.20733	2.78867	2.75846	124.55320	2.77067	101.38589	2.96483	76.74811	3.03977	64.85540	2.96675	60.83305	2.94967	56.85547
172.85319	2.80243	2.81098	121.25769	2.78906	99.92653	2.97771	76.29685	3.11023	63.34514	2.96992	60.68862	3.00073	54.44426
172.22036	2.83914	2.94626	116.67805	2.80052	99.07599	3.00361	75.49513	3.17043	62.64983	3.00689	59.15780	3.04466	52.78359
172.11872	2.84968	2.95544	116.54173	2.81118	98.32311	3.01502	75.18467	3.18128	62.57585	3.02381	58.54705	3.05436	52.46381
172.02669	2.88650	2.99580	116.16877	2.82375	97.48296	3.02483	74.93796	3.25312	62.43478	3.07893	56.91639	3.07427	51.85760
172.07199	2.89698	3.04858	116.19277	2.86404	95.11608	3.03618	74.67520	3.26066	62.45235	3.08060	56.87479	3.11090	50.90801
172.25771	2.91838	3.10425	116.77450	2.87601	94.50337	3.04595	74.46809	3.28451	62.54480	3.12156	55.99491	3.11340	50.85075
172.55862	2.93948	3.13318	117.27804	2.92412	92.43030	3.05402	74.30974	3.35187	63.08281	3.12668	55.90254	3.12098	50.68218
173.43074	2.97952	3.23851	120.10560	2.93191	92.14986	3.07402	73.96592	3.35512	63.11829	3.14069	55.66840	3.17075	49.77340
173.87276	2.99518	3.24239	120.23644	2.94407	91.74146	3.09335	73.69698	3.40426	63.74941	3.14987	55.52966	3.18301	49.59891
175.88243	3.05125	3.25109	120.53547	3.04821	89.55715	3.11438	73.47127	3.40901	63.81952	3.16055	55.38240	3.19247	49.47679
177.34026	3.08399	3.35926	124.90373	3.19395	89.69313	3.14509	73.25963	3.45874	64.63909	3.18799	55.07079	3.22883	49.10305
178.67454	3.11077	3.42558	128.09308	3.23755	90.29547	3.18411	73.17726	3.46173	64.69313	3.22639	54.78549	3.23437	49.05893
181.53667	3.16173	3.45108	129.40684	3.38303	93.70545	3.19894	73.19680	3.46195	64.69713	3.28777	54.65525	3.25724	48.91023
231.79068	3.73125	3.46855	130.33233	3.48164	96.97481	3.21692	73.25571	3.52606	65.97454	3.33221	54.78015	3.27121	48.84506
237.70426	3.78603	3.62096	139.16846	3.62558	102.74316	3.23327	73.34136	3.57176	67.00874	3.40232	55.29563	3.31849	48.75802
242.95430	3.83378	3.76526	148.53591	3.73770	107.84940	3.24278	73.40474	3.59312	67.52340	3.52174	56.89858	3.32573	48.76177
262.61458	4.00666	3.81596	152.00812	3.79755	110.74715	3.30250	74.01329	3.68628	69.97105	3.60086	58.35266	3.35819	48.82994
268.89317	4.06026	4.00510	165.62234	3.87962	114.88237	3.56052	79.81397	3.87738	75.79440	3.67081	59.84096	3.41982	49.16989
275.07439	4.11239	4.00887	165.90310	4.00902	121.72401	3.72327	85.22349	4.06159	82.11830	3.70716	60.67777	3.48160	49.74993
276.62989	4.12542	4.21572	181.78041	4.12400	128.07975	3.90120	92.06636	4.07360	82.54885	4.07926	70.94741	3.74529	54.12801
284.67929	4.19227	4.83601	234.03264	4.34324	140.79508	4.12111	101.42163	4.32544	91.98700	4.32046	78.65710	4.35959	70.05580
