kappa_300	tau_y_300	kappa_500	tau_y_500	kappa_700	tau_y_700	kappa_900	tau_y_900	kappa_1100	tau_y_1100	kappa_1300	tau_y_1300	kappa_1500	tau_y_1500
0.21856	3906.63047	0.60596	2624.24104	1.00005	1530.94355	1.00022	1529.99022	0.02529	4719.17457	0.00029	4821.27385	-0.00000	4816.32914
0.22429	3883.73978	0.62289	2570.42959	1.05003	1417.63221	1.05014	1416.76930	0.06388	4571.02188	0.05393	4609.21346	0.03035	4699.73576
0.22855	3866.79677	0.63182	2542.30483	1.11546	1278.05991	1.10008	1309.29213	1.05037	1415.84822	1.10054	1307.59482	0.10077	4429.74904
0.23243	3851.35884	0.66209	2448.07906	1.16016	1188.39744	1.15005	1207.54172	1.10025	1308.50238	1.15038	1206.07579	0.16661	4179.07098
0.23535	3839.75046	0.66241	2447.09277	1.20304	1106.65745	1.20003	1111.46809	1.15017	1206.83431	1.20027	1110.14999	1.20051	1109.41686
0.29142	3618.88333	1.00309	1524.87967	1.25155	1019.15785	1.26721	991.15023	1.20011	1110.80610	1.25018	1019.75786	1.25037	1019.13504
1.06038	1398.46899	1.03858	1444.13627	1.30057	935.98878	1.31189	916.60114	1.25007	1020.34741	1.30012	934.80957	1.30026	934.26358
1.13694	1238.46534	1.05147	1415.53379	1.35008	857.24767	1.35383	850.51177	1.37300	820.87541	1.35008	855.18965	1.35018	854.69390
1.20002	1116.77480	1.10047	1310.34627	1.40003	782.98560	1.40221	778.82162	1.41696	757.20521	1.40235	777.46103	1.40013	780.29401
1.21223	1094.25450	1.15003	1209.59262	1.45039	713.22860	1.45105	711.23270	1.45599	703.93293	1.46374	693.19213	1.45008	710.91187
1.25003	1026.66582	1.20011	1113.48767	1.57671	559.58696	1.50033	647.75168	1.50396	642.48666	1.52095	621.20082	1.50005	646.37856
1.30004	942.07121	1.30441	931.31172	1.65442	479.15221	1.56625	569.91668	1.55238	584.82174	1.56550	569.33833	1.55003	586.51151
1.35006	862.85773	1.38288	809.70092	1.73077	409.67045	1.60009	532.97264	1.60122	530.90723	1.60548	525.78039	1.62386	506.21212
1.40009	788.87565	1.45935	703.32257	1.80637	349.44565	1.65051	481.54724	1.65045	480.68412	1.65364	476.92840	1.66818	462.43196
1.44179	731.08427	1.53491	609.34275	1.81132	345.78407	1.86437	306.78530	1.70006	434.06915	1.70219	431.47276	1.70669	426.94066
1.45012	719.95947	1.55002	591.81901	1.85003	318.25546	1.91101	276.91832	1.75003	390.95878	1.75113	389.33043	1.75468	385.87450
1.50015	655.93086	1.60003	536.71467	1.90004	285.53629	1.94082	259.19408	1.80032	351.23825	1.80042	350.39992	1.80306	347.85357
1.55020	596.60057	1.65005	485.89575	1.95005	255.82893	2.01672	218.52125	1.85090	314.78176	1.85006	314.56442	1.85180	312.77799
1.60025	541.77059	1.70006	439.15226	2.00007	228.92988	2.06327	196.52297	2.00735	221.89867	1.90002	281.69493	1.90088	280.53449
1.65030	491.23617	1.75008	396.27143	2.05009	204.64120	2.09179	184.06558	2.08460	185.72849	1.95029	251.65664	1.95030	250.99899
1.70037	444.78775	1.79353	361.99697	2.09109	186.54444	2.10003	180.60476	2.16095	155.34763	2.00082	224.30963	2.02211	212.90544
1.75044	402.21291	1.80011	357.03941	2.10011	182.77145	2.15004	160.87465	2.23673	129.84747	2.15789	155.41551	2.05005	199.51840
1.80052	363.29799	1.85014	321.24291	2.15014	163.13638	2.20006	143.20033	2.30003	111.68508	2.23571	129.03924	2.10035	177.29738
1.85061	327.82985	1.85104	320.62851	2.18942	149.17034	2.25007	127.41359	2.31177	108.60310	2.31218	107.30190	2.15091	157.23637
1.90105	295.38256	1.90017	288.67065	2.20017	145.55953	2.30009	113.35485	2.35004	99.13644	2.38837	89.22752	2.31472	105.75363
1.95121	266.16929	1.95021	259.11470	2.25020	129.87271	2.35011	100.87338	2.40005	88.02179	2.46381	74.37863	2.39265	87.36184
2.19297	161.60184	2.00025	232.37162	2.59276	61.64256	2.40014	89.82740	2.45007	78.20832	2.53862	62.22891	2.46915	72.42898
2.22519	151.49444	2.05030	208.24354	2.88089	38.24981	2.41539	86.72486	2.54522	62.69356	2.75271	38.46749	2.54552	60.16378
2.25737	142.15208	2.10036	186.53901	2.89094	37.77219	2.46042	78.23584	2.65886	48.69657	2.80305	34.71827	2.62116	50.23349
2.27454	137.46267	2.15042	167.07376	2.93940	35.70817	2.72733	44.51168	2.75675	39.79719	2.84528	31.99442	2.69617	42.23313
2.31056	128.25368	2.51319	77.92028	2.97842	34.31097	2.99318	29.61210	2.77130	38.68395	2.88623	29.68238	3.02743	22.31978
2.34829	119.47250	2.67672	58.59335	2.99941	33.64851	3.01318	28.96654	2.81925	35.35303	2.91552	28.20982	3.08379	20.64207
2.37362	114.04660	2.74884	52.73024	3.02647	32.87977	3.07391	27.30587	3.09596	23.89083	2.95021	26.64443	3.08654	20.56910
2.38245	112.23875	2.79458	49.69128	3.04258	32.46531	3.13657	26.00847	3.15819	22.62432	3.12382	21.19850	3.14666	19.15788
2.49309	92.96076	2.79949	49.39334	3.06777	31.87796	3.20155	25.04010	3.20063	21.95338	3.18619	20.00768	3.17047	18.68932
2.53068	87.69028	2.82797	47.76772	3.09113	31.39586	3.20167	25.03866	3.22264	21.66016	3.20039	19.78118	3.20024	18.16848
2.56830	82.98652	2.83662	47.30722	3.10461	31.14357	3.24858	24.54298	3.25069	21.33616	3.24950	19.11130	3.21701	17.90466
2.65604	73.99718	2.85744	46.26012	3.11121	31.02681	3.25169	24.51553	3.28827	20.98249	3.25043	19.10017	3.25027	17.44029
2.71284	69.47288	2.89423	44.60816	3.14516	30.49168	3.30183	24.15708	3.30076	20.88385	3.30048	18.58323	3.28080	17.07769
2.77190	65.69505	2.95304	42.44738	3.15242	30.39087	3.30742	24.12645	3.33362	20.66598	3.31460	18.46399	3.30030	16.87554
2.83361	62.62851	2.95471	42.39409	3.20261	29.81625	3.31482	24.08856	3.35084	20.57448	3.33323	18.32319	3.34645	16.48061
2.84264	62.24769	2.99913	41.12075	3.20836	29.76325	3.32945	24.02251	3.35296	20.56424	3.35053	18.20840	3.35034	16.45228
2.89613	60.31609	3.01324	40.77285	3.25281	29.43451	3.35103	23.94560	3.35539	20.55276	3.38184	18.03755	3.38289	16.24367
2.95747	58.71672	3.01368	40.76253	3.25826	29.40361	3.35199	23.94275	3.36150	20.52517	3.40059	17.95644	3.40038	16.15126
2.96896	58.48323	3.01996	40.61631	3.27440	29.32332	3.35200	23.94271	3.38419	20.43815	3.40424	17.94240	3.41430	16.08695
3.07423	57.17896	3.06485	39.71126	3.30302	29.22064	3.35968	23.92137	3.39582	20.40253	3.40630	17.93473	3.45043	15.95566
3.12071	57.02164	3.07502	39.53871	3.31473	29.19249	3.39595	23.85817	3.40091	20.38880	3.44885	17.81407	3.45487	15.94286
3.18586	57.15893	3.07672	39.51095	3.34312	29.15558	3.39859	23.85589	3.42503	20.33845	3.45065	17.81050	3.48477	15.87474
3.19406	57.20291	3.07841	39.48365	3.35324	29.15265	3.40214	23.85329	3.43782	20.32121	3.45161	17.80864	3.50047	15.85081
3.19582	57.21305	3.11066	39.02122	3.39283	29.18917	3.40727	23.85050	3.43995	20.31895	3.48063	17.76770	3.50896	15.84108
3.23576	57.50972	3.12904	38.80461	3.40000	29.20353	3.42978	23.85114	3.45099	20.30998	3.49267	17.75908	3.55052	15.82397
3.26847	57.84117	3.13454	38.74604	3.41501	29.24083	3.43916	23.85739	3.48256	20.30850	3.50071	17.75593	3.55838	15.82610
3.30590	58.30927	3.15808	38.52697	3.42089	29.25805	3.45000	23.86884	3.49768	20.31978	3.52439	17.75822	3.58514	15.84519
3.34415	58.87645	3.25884	38.10285	3.43959	29.32217	3.50000	23.97623	3.50108	20.32334	3.53442	17.76419	3.60057	15.86412
3.40036	59.85566	3.27667	38.10405	3.45000	29.36387	3.50329	23.98624	3.55000	20.41317	3.55078	17.77999	3.65063	15.96171
3.41863	60.20764	3.58134	40.56855	3.48836	29.55209	3.55000	24.16422	3.55162	20.41731	3.60085	17.87163	3.70069	16.10856
3.42918	60.41792	3.65094	41.58541	3.49068	29.56516	3.60000	24.42178	3.60000	20.57255	3.65092	18.02134	3.75075	16.29762
3.70281	67.27230	3.70324	42.42297	3.50000	29.61938	3.64084	24.67707	3.65000	20.79079	3.70100	18.22091	3.80082	16.52286
3.71945	67.75675	3.73105	42.89095	4.31947	40.39944	3.65000	24.73937	3.70000	21.05969	3.75108	18.46329	3.85089	16.77913
3.88858	72.98865	3.77894	43.72922	4.38383	41.49437	3.70000	25.10879	3.75000	21.37220	3.80116	18.74245	3.85147	16.78229
3.92281	74.10576	3.84324	44.91268	4.44816	42.60759	3.75000	25.52300	3.80000	21.72230	3.85000	19.04516	3.90096	17.06207
