comp(psA)	comp(psB)	comp(psC)	Nb	Ti	Zr	tau_y_Nb	tau_y_Ti	tau_y_Zr	T	tau_y
0.00	0.00	100.00	0.00	0.00	100.00	0.00	0.00	339.36	300.00	339.36
0.00	5.00	95.00	0.00	5.00	95.00	0.00	9.87	324.04	300.00	333.92
0.00	10.00	90.00	0.00	10.00	90.00	0.00	18.77	308.45	300.00	327.21
0.00	15.00	85.00	0.00	15.00	85.00	0.00	27.35	292.81	300.00	320.17
0.00	20.00	80.00	0.00	20.00	80.00	0.00	35.75	277.18	300.00	312.94
0.00	25.00	75.00	0.00	25.00	75.00	0.00	44.02	261.19	300.00	305.21
0.00	30.00	70.00	0.00	30.00	70.00	0.00	52.17	245.14	300.00	297.31
0.00	35.00	65.00	0.00	35.00	65.00	0.00	60.23	230.60	300.00	290.84
0.00	40.00	60.00	0.00	40.00	60.00	0.00	68.24	212.62	300.00	280.86
0.00	45.00	55.00	0.00	45.00	55.00	0.00	76.16	196.24	300.00	272.39
0.00	50.00	50.00	0.00	50.00	50.00	0.00	84.03	179.59	300.00	263.62
0.00	55.00	45.00	0.00	55.00	45.00	0.00	91.84	162.81	300.00	254.66
0.00	60.00	40.00	0.00	60.00	40.00	0.00	99.62	146.71	300.00	246.33
0.00	65.00	35.00	0.00	65.00	35.00	0.00	107.34	128.80	300.00	236.14
0.00	70.00	30.00	0.00	70.00	30.00	0.00	115.03	112.88	300.00	227.90
0.00	75.00	25.00	0.00	75.00	25.00	0.00	122.67	94.44	300.00	217.12
0.00	80.00	20.00	0.00	80.00	20.00	0.00	130.28	76.57	300.00	206.85
0.00	85.00	15.00	0.00	85.00	15.00	0.00	137.86	58.32	300.00	196.18
0.00	90.00	10.00	0.00	90.00	10.00	0.00	145.40	39.90	300.00	185.31
0.00	95.00	5.00	0.00	95.00	5.00	0.00	152.91	20.88	300.00	173.79
0.00	100.00	0.00	0.00	100.00	0.00	0.00	160.39	0.00	300.00	160.39
5.00	0.00	95.00	5.00	0.00	95.00	28.66	0.00	324.04	300.00	352.71
5.00	5.00	90.00	5.00	5.00	90.00	28.66	9.87	308.45	300.00	346.98
5.00	10.00	85.00	5.00	10.00	85.00	28.66	18.77	292.81	300.00	340.24
5.00	15.00	80.00	5.00	15.00	80.00	28.66	27.35	277.18	300.00	333.20
5.00	20.00	75.00	5.00	20.00	75.00	28.66	35.75	261.19	300.00	325.61
5.00	25.00	70.00	5.00	25.00	70.00	28.66	44.02	245.14	300.00	317.82
5.00	30.00	65.00	5.00	30.00	65.00	28.66	52.17	230.60	300.00	311.43
5.00	35.00	60.00	5.00	35.00	60.00	28.66	60.23	212.62	300.00	301.52
5.00	40.00	55.00	5.00	40.00	55.00	28.66	68.24	196.24	300.00	293.13
5.00	45.00	50.00	5.00	45.00	50.00	28.66	76.16	179.59	300.00	284.41
5.00	50.00	45.00	5.00	50.00	45.00	28.66	84.03	162.81	300.00	275.50
5.00	55.00	40.00	5.00	55.00	40.00	28.66	91.84	146.71	300.00	267.22
5.00	60.00	35.00	5.00	60.00	35.00	28.66	99.62	128.80	300.00	257.08
5.00	65.00	30.00	5.00	65.00	30.00	28.66	107.34	112.88	300.00	248.88
5.00	70.00	25.00	5.00	70.00	25.00	28.66	115.03	94.44	300.00	238.13
5.00	75.00	20.00	5.00	75.00	20.00	28.66	122.67	76.57	300.00	227.90
5.00	80.00	15.00	5.00	80.00	15.00	28.66	130.28	58.32	300.00	217.27
5.00	85.00	10.00	5.00	85.00	10.00	28.66	137.86	39.90	300.00	206.42
5.00	90.00	5.00	5.00	90.00	5.00	28.66	145.40	20.88	300.00	194.94
5.00	95.00	0.00	5.00	95.00	0.00	28.66	152.91	0.00	300.00	181.57
10.00	0.00	90.00	10.00	0.00	90.00	54.83	0.00	308.45	300.00	363.28
10.00	5.00	85.00	10.00	5.00	85.00	54.83	9.87	292.81	300.00	357.52
10.00	10.00	80.00	10.00	10.00	80.00	54.83	18.77	277.18	300.00	350.78
10.00	15.00	75.00	10.00	15.00	75.00	54.83	27.35	261.19	300.00	343.38
10.00	20.00	70.00	10.00	20.00	70.00	54.83	35.75	245.14	300.00	335.72
10.00	25.00	65.00	10.00	25.00	65.00	54.83	44.02	230.60	300.00	329.45
10.00	30.00	60.00	10.00	30.00	60.00	54.83	52.17	212.62	300.00	319.62
10.00	35.00	55.00	10.00	35.00	55.00	54.83	60.23	196.24	300.00	311.30
10.00	40.00	50.00	10.00	40.00	50.00	54.83	68.24	179.59	300.00	302.66
10.00	45.00	45.00	10.00	45.00	45.00	54.83	76.16	162.81	300.00	293.80
10.00	50.00	40.00	10.00	50.00	40.00	54.83	84.03	146.71	300.00	285.58
10.00	55.00	35.00	10.00	55.00	35.00	54.83	91.84	128.80	300.00	275.48
10.00	60.00	30.00	10.00	60.00	30.00	54.83	99.62	112.88	300.00	267.32
10.00	65.00	25.00	10.00	65.00	25.00	54.83	107.34	94.44	300.00	256.61
10.00	70.00	20.00	10.00	70.00	20.00	54.83	115.03	76.57	300.00	246.43
10.00	75.00	15.00	10.00	75.00	15.00	54.83	122.67	58.32	300.00	235.83
10.00	80.00	10.00	10.00	80.00	10.00	54.83	130.28	39.90	300.00	225.02
10.00	85.00	5.00	10.00	85.00	5.00	54.83	137.86	20.88	300.00	213.57
10.00	90.00	0.00	10.00	90.00	0.00	54.83	145.40	0.00	300.00	200.23
15.00	0.00	85.00	15.00	0.00	85.00	80.06	0.00	292.81	300.00	372.87
15.00	5.00	80.00	15.00	5.00	80.00	80.06	9.87	277.18	300.00	367.12
15.00	10.00	75.00	15.00	10.00	75.00	80.06	18.77	261.19	300.00	360.01
15.00	15.00	70.00	15.00	15.00	70.00	80.06	27.35	245.14	300.00	352.55
15.00	20.00	65.00	15.00	20.00	65.00	80.06	35.75	230.60	300.00	346.41
15.00	25.00	60.00	15.00	25.00	60.00	80.06	44.02	212.62	300.00	336.69
15.00	30.00	55.00	15.00	30.00	55.00	80.06	52.17	196.24	300.00	328.46
15.00	35.00	50.00	15.00	35.00	50.00	80.06	60.23	179.59	300.00	319.88
15.00	40.00	45.00	15.00	40.00	45.00	80.06	68.24	162.81	300.00	311.11
15.00	45.00	40.00	15.00	45.00	40.00	80.06	76.16	146.71	300.00	302.93
15.00	50.00	35.00	15.00	50.00	35.00	80.06	84.03	128.80	300.00	292.89
15.00	55.00	30.00	15.00	55.00	30.00	80.06	91.84	112.88	300.00	284.78
15.00	60.00	25.00	15.00	60.00	25.00	80.06	99.62	94.44	300.00	274.11
15.00	65.00	20.00	15.00	65.00	20.00	80.06	107.34	76.57	300.00	263.97
15.00	70.00	15.00	15.00	70.00	15.00	80.06	115.03	58.32	300.00	253.41
15.00	75.00	10.00	15.00	75.00	10.00	80.06	122.67	39.90	300.00	242.63
15.00	80.00	5.00	15.00	80.00	5.00	80.06	130.28	20.88	300.00	231.22
15.00	85.00	0.00	15.00	85.00	0.00	80.06	137.86	0.00	300.00	217.92
20.00	0.00	80.00	20.00	0.00	80.00	105.11	0.00	277.18	300.00	382.30
20.00	5.00	75.00	20.00	5.00	75.00	105.11	9.87	261.19	300.00	376.18
20.00	10.00	70.00	20.00	10.00	70.00	105.11	18.77	245.14	300.00	369.02
20.00	15.00	65.00	20.00	15.00	65.00	105.11	27.35	230.60	300.00	363.07
20.00	20.00	60.00	20.00	20.00	60.00	105.11	35.75	212.62	300.00	353.49
20.00	25.00	55.00	20.00	25.00	55.00	105.11	44.02	196.24	300.00	345.36
20.00	30.00	50.00	20.00	30.00	50.00	105.11	52.17	179.59	300.00	336.87
20.00	35.00	45.00	20.00	35.00	45.00	105.11	60.23	162.81	300.00	328.16
20.00	40.00	40.00	20.00	40.00	40.00	105.11	68.24	146.71	300.00	320.06
20.00	45.00	35.00	20.00	45.00	35.00	105.11	76.16	128.80	300.00	310.07
20.00	50.00	30.00	20.00	50.00	30.00	105.11	84.03	112.88	300.00	302.02
20.00	55.00	25.00	20.00	55.00	25.00	105.11	91.84	94.44	300.00	291.40
20.00	60.00	20.00	20.00	60.00	20.00	105.11	99.62	76.57	300.00	281.30
20.00	65.00	15.00	20.00	65.00	15.00	105.11	107.34	58.32	300.00	270.77
20.00	70.00	10.00	20.00	70.00	10.00	105.11	115.03	39.90	300.00	260.04
20.00	75.00	5.00	20.00	75.00	5.00	105.11	122.67	20.88	300.00	248.67
20.00	80.00	0.00	20.00	80.00	0.00	105.11	130.28	0.00	300.00	235.39
25.00	0.00	75.00	25.00	0.00	75.00	129.09	0.00	261.19	300.00	390.28
25.00	5.00	70.00	25.00	5.00	70.00	129.09	9.87	245.14	300.00	384.10
25.00	10.00	65.00	25.00	10.00	65.00	129.09	18.77	230.60	300.00	378.46
25.00	15.00	60.00	25.00	15.00	60.00	129.09	27.35	212.62	300.00	369.07
25.00	20.00	55.00	25.00	20.00	55.00	129.09	35.75	196.24	300.00	361.08
25.00	25.00	50.00	25.00	25.00	50.00	129.09	44.02	179.59	300.00	352.69
25.00	30.00	45.00	25.00	30.00	45.00	129.09	52.17	162.81	300.00	344.07
25.00	35.00	40.00	25.00	35.00	40.00	129.09	60.23	146.71	300.00	336.04
25.00	40.00	35.00	25.00	40.00	35.00	129.09	68.24	128.80	300.00	326.13
25.00	45.00	30.00	25.00	45.00	30.00	129.09	76.16	112.88	300.00	318.12
25.00	50.00	25.00	25.00	50.00	25.00	129.09	84.03	94.44	300.00	307.56
25.00	55.00	20.00	25.00	55.00	20.00	129.09	91.84	76.57	300.00	297.50
25.00	60.00	15.00	25.00	60.00	15.00	129.09	99.62	58.32	300.00	287.03
25.00	65.00	10.00	25.00	65.00	10.00	129.09	107.34	39.90	300.00	276.33
25.00	70.00	5.00	25.00	70.00	5.00	129.09	115.03	20.88	300.00	265.00
25.00	75.00	0.00	25.00	75.00	0.00	129.09	122.67	0.00	300.00	251.76
30.00	0.00	70.00	30.00	0.00	70.00	153.06	0.00	245.14	300.00	398.20
30.00	5.00	65.00	30.00	5.00	65.00	153.06	9.87	230.60	300.00	393.54
30.00	10.00	60.00	30.00	10.00	60.00	153.06	18.77	212.62	300.00	384.45
30.00	15.00	55.00	30.00	15.00	55.00	153.06	27.35	196.24	300.00	376.65
30.00	20.00	50.00	30.00	20.00	50.00	153.06	35.75	179.59	300.00	368.41
30.00	25.00	45.00	30.00	25.00	45.00	153.06	44.02	162.81	300.00	359.89
30.00	30.00	40.00	30.00	30.00	40.00	153.06	52.17	146.71	300.00	351.94
30.00	35.00	35.00	30.00	35.00	35.00	153.06	60.23	128.80	300.00	342.10
30.00	40.00	30.00	30.00	40.00	30.00	153.06	68.24	112.88	300.00	334.17
30.00	45.00	25.00	30.00	45.00	25.00	153.06	76.16	94.44	300.00	323.66
30.00	50.00	20.00	30.00	50.00	20.00	153.06	84.03	76.57	300.00	313.66
30.00	55.00	15.00	30.00	55.00	15.00	153.06	91.84	58.32	300.00	303.23
30.00	60.00	10.00	30.00	60.00	10.00	153.06	99.62	39.90	300.00	292.58
30.00	65.00	5.00	30.00	65.00	5.00	153.06	107.34	20.88	300.00	281.28
30.00	70.00	0.00	30.00	70.00	0.00	153.06	115.03	0.00	300.00	268.09
35.00	0.00	65.00	35.00	0.00	65.00	176.73	0.00	230.60	300.00	407.33
35.00	5.00	60.00	35.00	5.00	60.00	176.73	9.87	212.62	300.00	399.23
35.00	10.00	55.00	35.00	10.00	55.00	176.73	18.77	196.24	300.00	391.73
35.00	15.00	50.00	35.00	15.00	50.00	176.73	27.35	179.59	300.00	383.68
35.00	20.00	45.00	35.00	20.00	45.00	176.73	35.75	162.81	300.00	375.30
35.00	25.00	40.00	35.00	25.00	40.00	176.73	44.02	146.71	300.00	367.46
35.00	30.00	35.00	35.00	30.00	35.00	176.73	52.17	128.80	300.00	357.70
35.00	35.00	30.00	35.00	35.00	30.00	176.73	60.23	112.88	300.00	349.84
35.00	40.00	25.00	35.00	40.00	25.00	176.73	68.24	94.44	300.00	339.41
35.00	45.00	20.00	35.00	45.00	20.00	176.73	76.16	76.57	300.00	329.46
35.00	50.00	15.00	35.00	50.00	15.00	176.73	84.03	58.32	300.00	319.09
35.00	55.00	10.00	35.00	55.00	10.00	176.73	91.84	39.90	300.00	308.48
35.00	60.00	5.00	35.00	60.00	5.00	176.73	99.62	20.88	300.00	297.23
35.00	65.00	0.00	35.00	65.00	0.00	176.73	107.34	0.00	300.00	284.07
40.00	0.00	60.00	40.00	0.00	60.00	200.15	0.00	212.62	300.00	412.78
40.00	5.00	55.00	40.00	5.00	55.00	200.15	9.87	196.24	300.00	406.26
40.00	10.00	50.00	40.00	10.00	50.00	200.15	18.77	179.59	300.00	398.51
40.00	15.00	45.00	40.00	15.00	45.00	200.15	27.35	162.81	300.00	390.32
40.00	20.00	40.00	40.00	20.00	40.00	200.15	35.75	146.71	300.00	382.62
40.00	25.00	35.00	40.00	25.00	35.00	200.15	44.02	128.80	300.00	372.97
40.00	30.00	30.00	40.00	30.00	30.00	200.15	52.17	112.88	300.00	365.20
40.00	35.00	25.00	40.00	35.00	25.00	200.15	60.23	94.44	300.00	354.83
40.00	40.00	20.00	40.00	40.00	20.00	200.15	68.24	76.57	300.00	344.96
40.00	45.00	15.00	40.00	45.00	15.00	200.15	76.16	58.32	300.00	334.64
40.00	50.00	10.00	40.00	50.00	10.00	200.15	84.03	39.90	300.00	324.09
40.00	55.00	5.00	40.00	55.00	5.00	200.15	91.84	20.88	300.00	312.88
40.00	60.00	0.00	40.00	60.00	0.00	200.15	99.62	0.00	300.00	299.77
45.00	0.00	55.00	45.00	0.00	55.00	223.32	0.00	196.24	300.00	419.56
45.00	5.00	50.00	45.00	5.00	50.00	223.32	9.87	179.59	300.00	412.79
45.00	10.00	45.00	45.00	10.00	45.00	223.32	18.77	162.81	300.00	404.90
45.00	15.00	40.00	45.00	15.00	40.00	223.32	27.35	146.71	300.00	397.39
45.00	20.00	35.00	45.00	20.00	35.00	223.32	35.75	128.80	300.00	387.88
45.00	25.00	30.00	45.00	25.00	30.00	223.32	44.02	112.88	300.00	380.21
45.00	30.00	25.00	45.00	30.00	25.00	223.32	52.17	94.44	300.00	369.93
45.00	35.00	20.00	45.00	35.00	20.00	223.32	60.23	76.57	300.00	360.13
45.00	40.00	15.00	45.00	40.00	15.00	223.32	68.24	58.32	300.00	349.88
45.00	45.00	10.00	45.00	45.00	10.00	223.32	76.16	39.90	300.00	339.39
45.00	50.00	5.00	45.00	50.00	5.00	223.32	84.03	20.88	300.00	328.24
45.00	55.00	0.00	45.00	55.00	0.00	223.32	91.84	0.00	300.00	315.17
50.00	0.00	50.00	50.00	0.00	50.00	246.49	0.00	179.59	300.00	426.08
50.00	5.00	45.00	50.00	5.00	45.00	246.49	9.87	162.81	300.00	419.17
50.00	10.00	40.00	50.00	10.00	40.00	246.49	18.77	146.71	300.00	411.96
50.00	15.00	35.00	50.00	15.00	35.00	246.49	27.35	128.80	300.00	402.64
50.00	20.00	30.00	50.00	20.00	30.00	246.49	35.75	112.88	300.00	395.12
50.00	25.00	25.00	50.00	25.00	25.00	246.49	44.02	94.44	300.00	384.94
50.00	30.00	20.00	50.00	30.00	20.00	246.49	52.17	76.57	300.00	375.22
50.00	35.00	15.00	50.00	35.00	15.00	246.49	60.23	58.32	300.00	365.04
50.00	40.00	10.00	50.00	40.00	10.00	246.49	68.24	39.90	300.00	354.63
50.00	45.00	5.00	50.00	45.00	5.00	246.49	76.16	20.88	300.00	343.53
50.00	50.00	0.00	50.00	50.00	0.00	246.49	84.03	0.00	300.00	330.52
55.00	0.00	45.00	55.00	0.00	45.00	269.10	0.00	162.81	300.00	431.91
55.00	5.00	40.00	55.00	5.00	40.00	269.10	9.87	146.71	300.00	425.69
55.00	10.00	35.00	55.00	10.00	35.00	269.10	18.77	128.80	300.00	416.67
55.00	15.00	30.00	55.00	15.00	30.00	269.10	27.35	112.88	300.00	409.33
55.00	20.00	25.00	55.00	20.00	25.00	269.10	35.75	94.44	300.00	399.30
55.00	25.00	20.00	55.00	25.00	20.00	269.10	44.02	76.57	300.00	389.68
55.00	30.00	15.00	55.00	30.00	15.00	269.10	52.17	58.32	300.00	379.59
55.00	35.00	10.00	55.00	35.00	10.00	269.10	60.23	39.90	300.00	369.24
55.00	40.00	5.00	55.00	40.00	5.00	269.10	68.24	20.88	300.00	358.22
55.00	45.00	0.00	55.00	45.00	0.00	269.10	76.16	0.00	300.00	345.26
60.00	0.00	40.00	60.00	0.00	40.00	291.50	0.00	146.71	300.00	438.21
60.00	5.00	35.00	60.00	5.00	35.00	291.50	9.87	128.80	300.00	430.17
60.00	10.00	30.00	60.00	10.00	30.00	291.50	18.77	112.88	300.00	423.14
60.00	15.00	25.00	60.00	15.00	25.00	291.50	27.35	94.44	300.00	413.29
60.00	20.00	20.00	60.00	20.00	20.00	291.50	35.75	76.57	300.00	403.82
60.00	25.00	15.00	60.00	25.00	15.00	291.50	44.02	58.32	300.00	393.83
60.00	30.00	10.00	60.00	30.00	10.00	291.50	52.17	39.90	300.00	383.57
60.00	35.00	5.00	60.00	35.00	5.00	291.50	60.23	20.88	300.00	372.61
60.00	40.00	0.00	60.00	40.00	0.00	291.50	68.24	0.00	300.00	359.73
65.00	0.00	35.00	65.00	0.00	35.00	313.79	0.00	128.80	300.00	442.59
65.00	5.00	30.00	65.00	5.00	30.00	313.79	9.87	112.88	300.00	436.54
65.00	10.00	25.00	65.00	10.00	25.00	313.79	18.77	94.44	300.00	427.00
65.00	15.00	20.00	65.00	15.00	20.00	313.79	27.35	76.57	300.00	417.72
65.00	20.00	15.00	65.00	20.00	15.00	313.79	35.75	58.32	300.00	407.87
65.00	25.00	10.00	65.00	25.00	10.00	313.79	44.02	39.90	300.00	397.71
65.00	30.00	5.00	65.00	30.00	5.00	313.79	52.17	20.88	300.00	386.84
65.00	35.00	0.00	65.00	35.00	0.00	313.79	60.23	0.00	300.00	374.03
70.00	0.00	30.00	70.00	0.00	30.00	335.90	0.00	112.88	300.00	448.77
70.00	5.00	25.00	70.00	5.00	25.00	335.90	9.87	94.44	300.00	440.22
70.00	10.00	20.00	70.00	10.00	20.00	335.90	18.77	76.57	300.00	431.24
70.00	15.00	15.00	70.00	15.00	15.00	335.90	27.35	58.32	300.00	421.58
70.00	20.00	10.00	70.00	20.00	10.00	335.90	35.75	39.90	300.00	411.56
70.00	25.00	5.00	70.00	25.00	5.00	335.90	44.02	20.88	300.00	400.80
70.00	30.00	0.00	70.00	30.00	0.00	335.90	52.17	0.00	300.00	388.07
75.00	0.00	25.00	75.00	0.00	25.00	357.75	0.00	94.44	300.00	452.19
75.00	5.00	20.00	75.00	5.00	20.00	357.75	9.87	76.57	300.00	444.19
75.00	10.00	15.00	75.00	10.00	15.00	357.75	18.77	58.32	300.00	434.84
75.00	15.00	10.00	75.00	15.00	10.00	357.75	27.35	39.90	300.00	425.01
75.00	20.00	5.00	75.00	20.00	5.00	357.75	35.75	20.88	300.00	414.39
75.00	25.00	0.00	75.00	25.00	0.00	357.75	44.02	0.00	300.00	401.77
80.00	0.00	20.00	80.00	0.00	20.00	379.45	0.00	76.57	300.00	456.02
80.00	5.00	15.00	80.00	5.00	15.00	379.45	9.87	58.32	300.00	447.64
80.00	10.00	10.00	80.00	10.00	10.00	379.45	18.77	39.90	300.00	438.12
80.00	15.00	5.00	80.00	15.00	5.00	379.45	27.35	20.88	300.00	427.68
80.00	20.00	0.00	80.00	20.00	0.00	379.45	35.75	0.00	300.00	415.20
85.00	0.00	15.00	85.00	0.00	15.00	401.49	0.00	58.32	300.00	459.82
85.00	5.00	10.00	85.00	5.00	10.00	401.49	9.87	39.90	300.00	451.27
85.00	10.00	5.00	85.00	10.00	5.00	401.49	18.77	20.88	300.00	441.14
85.00	15.00	0.00	85.00	15.00	0.00	401.49	27.35	0.00	300.00	428.85
90.00	0.00	10.00	90.00	0.00	10.00	422.49	0.00	39.90	300.00	462.39
90.00	5.00	5.00	90.00	5.00	5.00	422.49	9.87	20.88	300.00	453.24
90.00	10.00	0.00	90.00	10.00	0.00	422.49	18.77	0.00	300.00	441.25
95.00	0.00	5.00	95.00	0.00	5.00	443.55	0.00	20.88	300.00	464.43
95.00	5.00	0.00	95.00	5.00	0.00	443.55	9.87	0.00	300.00	453.42
100.00	0.00	0.00	100.00	0.00	0.00	464.23	0.00	0.00	300.00	464.23
