kappa_300	tau_y_300	kappa_500	tau_y_500	kappa_700	tau_y_700	kappa_900	tau_y_900	kappa_1100	tau_y_1100	kappa_1300	tau_y_1300	kappa_1500	tau_y_1500
0.05387	3878.56378	0.07647	3786.47546	0.08522	3746.64471	0.04597	3893.29667	0.52063	2466.20890	0.55053	2381.60333	0.61283	2210.05613
0.27307	3100.40514	0.14619	3529.93168	0.09193	3721.31140	0.06164	3889.09187	0.52605	2450.80728	0.55961	2356.24816	0.61758	2197.24185
0.50829	2331.87963	0.14636	3529.31321	0.09887	3695.24107	0.55764	2362.26651	0.53160	2435.09721	0.59455	2259.87702	0.66876	2061.66719
0.76211	1833.37362	0.16130	3475.27557	0.10606	3668.29009	0.65536	2097.67149	0.54276	2403.61927	0.64750	2117.64354	0.74268	1873.97267
0.77225	1808.96161	0.19890	3340.47989	1.09575	1125.61566	0.99986	1303.65449	0.54923	2385.46753	0.66811	2063.59259	0.76686	1814.73993
0.78434	1780.06822	0.20590	3315.60241	1.09680	1123.76577	1.00036	1302.67149	0.98933	1323.60929	0.75885	1834.54685	1.01020	1281.29261
0.78487	1778.81610	0.24201	3188.06183	1.10001	1118.06623	1.00275	1297.97766	1.00021	1302.03990	1.00198	1297.90192	1.05294	1199.64068
0.99196	1328.76322	0.30654	2964.15013	1.15002	1032.09252	1.11619	1087.97201	1.05001	1206.38371	1.05076	1204.26443	1.10141	1111.42010
1.00018	1312.65124	0.37405	2735.57061	1.20004	950.98199	1.19256	960.83151	1.10034	1114.68570	1.10012	1114.28900	1.15046	1026.84640
1.05036	1217.25374	1.00003	1307.27735	1.25006	874.65708	1.25002	872.56121	1.21722	920.83837	1.15003	1028.19698	1.20003	946.10575
1.10048	1127.00984	1.05005	1211.63903	1.30008	803.02194	1.26772	846.61390	1.29393	807.79924	1.20041	946.17950	1.25009	869.33608
1.15061	1041.71370	1.10007	1120.96389	1.30989	789.52172	1.30003	800.78028	1.36956	706.90194	1.32298	766.73458	1.30059	796.65649
1.20076	961.31131	1.15010	1035.21708	1.32590	767.85374	1.35004	733.57154	1.40002	669.12987	1.39971	668.29435	1.43242	628.50950
1.20949	947.80658	1.20014	954.34197	1.35011	735.96412	1.40006	670.80729	1.45003	610.56406	1.47551	581.00119	1.50900	544.41353
1.22889	918.34347	1.25018	878.26190	1.40015	673.35639	1.45008	612.34693	1.50005	556.14691	1.50002	554.80229	1.58475	470.35047
1.24828	889.60832	1.30024	806.88177	1.45019	615.05856	1.50011	558.03881	1.52429	531.21442	1.55003	504.29323	1.61030	447.31439
1.25093	885.72849	1.32544	772.69472	1.50024	560.91934	1.50358	554.42261	1.55006	505.71731	1.60004	457.60068	1.65003	413.35927
1.30113	814.87203	1.34506	746.87531	1.55030	510.77812	1.55014	507.72208	1.60009	459.10672	1.65006	414.55029	1.70004	373.70793
1.35134	748.63220	1.35045	739.89537	1.60054	464.30701	1.60018	461.22842	1.61019	450.13622	1.70008	374.96378	1.75005	337.33777
1.40158	686.88376	1.36469	721.73051	1.65065	421.63537	1.65022	418.38384	1.65011	416.14100	1.72428	356.99694	1.80007	304.06713
1.46291	617.41824	1.40056	677.53492	1.70077	382.44313	1.70027	379.01031	1.70014	376.64197	1.75010	338.66046	1.84455	276.93993
1.67494	423.42217	1.45068	619.49674	1.75090	346.55014	1.75033	342.92734	1.75018	340.42906	1.78399	315.84148	1.85009	273.71481
1.72880	384.46032	1.50082	565.63046	1.80104	313.77518	1.80058	309.83123	1.80022	307.32077	1.80013	305.45874	1.90012	246.10134
1.76738	358.86178	1.55097	515.77648	1.85120	283.93731	1.85069	279.77664	1.85027	277.13600	1.85016	275.17750	1.94267	224.63654
1.78270	349.20993	1.60114	469.76725	1.90137	256.85717	1.90080	252.47188	1.90032	249.69534	1.90019	247.63729	1.95015	221.05008
1.83166	320.23598	1.65132	427.42940	2.08075	179.97642	1.95093	227.74044	1.95057	224.73270	1.95024	222.66152	2.00018	198.38825
1.83665	317.44285	1.70152	388.58538	2.11399	168.74391	2.00106	205.40956	2.00066	202.24942	2.00028	200.07742	2.05022	177.94781
1.89067	288.93511	1.75173	353.05494	2.14724	158.33371	2.19421	138.85315	2.05077	181.99375	2.05033	179.71692	2.10026	159.56616
1.94477	263.46788	1.80196	320.65668	2.14928	157.71878	2.20564	135.76011	2.10088	163.80309	2.10039	161.41743	2.15030	143.08681
1.99897	240.82851	1.88748	272.20613	2.18019	148.78982	2.23947	127.09127	2.34046	100.71027	2.15067	144.95286	2.20035	128.35990
2.00198	239.65439	1.93566	248.35539	2.21606	139.22495	2.27317	119.14137	2.34363	100.09881	2.37971	90.26385	2.50316	69.00824
2.05329	220.81120	1.95023	241.59791	2.24055	133.16547	2.31051	111.08381	2.38932	91.82525	2.39369	87.82845	2.53638	64.93225
2.10747	203.30199	1.97090	232.36278	2.26051	128.49506	2.33816	105.59727	2.45093	82.15758	2.52239	69.26350	2.56296	61.93988
2.16205	187.93678	2.00437	218.25242	2.26232	128.08110	2.35236	102.93088	2.57184	67.46655	2.59940	61.01314	2.70358	49.55910
2.20322	177.74547	2.03729	205.34490	2.31688	116.52945	2.39860	94.91774	2.78365	52.17096	2.66825	55.12700	2.78005	44.86458
2.21682	174.62640	2.05353	199.32026	2.37761	105.50644	2.45705	86.15046	2.83179	50.08751	2.74523	49.96019	2.83660	42.13823
2.25530	166.43261	2.07121	193.00971	2.41517	99.56812	2.49453	81.25651	2.88136	48.36329	2.93596	42.15000	2.86670	40.91423
2.30689	156.83140	2.10878	180.42360	2.45276	94.24117	2.53205	76.87902	2.88913	48.12838	3.01265	40.53123	2.97489	37.62746
2.34322	150.95284	2.15637	166.00795	2.49038	89.48292	2.56961	72.98046	2.95165	46.55767	3.02253	40.37259	3.00284	37.02480
2.35661	148.95786	2.16783	162.77743	2.72465	70.34942	2.60587	69.64014	2.96972	46.20166	3.03524	40.18414	3.00363	37.00894
2.40595	142.36461	2.18772	157.38687	2.78275	67.81665	2.77634	58.62898	2.99792	45.72643	3.04854	40.00478	3.05305	36.15881
2.45547	136.86144	2.24056	144.32102	2.78588	67.69994	2.85947	55.52217	2.99940	45.70399	3.07022	39.75035	3.07481	35.86296
2.47752	134.74291	2.62321	91.61671	2.83351	66.15565	2.87368	55.11085	3.03499	45.24027	3.10051	39.46934	3.07593	35.84900
2.50517	132.35762	2.63164	91.07743	2.84191	65.92619	2.93815	53.63116	3.03895	45.19704	3.11475	39.36547	3.10328	35.54218
2.54310	129.54827	2.68771	87.98565	2.84699	65.79314	2.95758	53.29968	3.06510	44.95226	3.13675	39.23850	3.12630	35.33440
2.61098	125.74319	2.70166	87.34234	2.88149	65.00448	2.96527	53.18209	3.10099	44.72379	3.13869	39.22917	3.14013	35.23050
2.65380	124.07157	2.73204	86.10207	2.91245	64.45678	2.96906	53.12684	3.10159	44.72095	3.15744	39.15445	3.15351	35.14427
2.68164	123.25901	2.76794	84.90473	2.94807	63.99911	3.00385	52.70221	3.12510	44.63510	3.16838	39.12322	3.17513	35.03346
2.78849	121.91094	2.79076	84.28490	2.97931	63.73826	3.03593	52.43431	3.13348	44.61576	3.19322	39.08455	3.17635	35.02824
2.81691	121.97246	2.79615	84.15370	3.00381	63.61899	3.07100	52.26611	3.15129	44.59353	3.20479	39.08121	3.18828	34.98255
2.89116	122.84635	2.82221	83.59864	3.04781	63.57825	3.08916	52.22661	3.16977	44.59652	3.23932	39.12325	3.20376	34.93790
3.22280	135.98587	2.86631	82.94081	3.19010	64.73323	3.10350	52.21708	3.17895	44.60750	3.27155	39.22809	3.20805	34.92835
3.32683	142.22559	2.94897	82.55569	3.20969	65.02169	3.10569	52.21726	3.20503	44.67143	3.31391	39.45328	3.24338	34.89434
3.39172	146.46242	3.04057	83.21854	3.23729	65.47346	3.13234	52.25286	3.21139	44.69411	3.32810	39.54914	3.27905	34.93538
3.42040	148.40812	3.06068	83.49521	3.28423	66.35391	3.13567	52.26155	3.21969	44.72776	3.46427	40.91003	3.29877	34.98801
3.45298	150.66863	3.14362	85.06302	3.31202	66.93644	3.13983	52.27365	3.22633	44.75789	3.47143	41.00071	3.35372	35.23634
3.58141	160.03323	3.17085	85.71259	3.37713	68.45939	3.17886	52.45394	3.28034	45.10339	3.57924	42.55114	3.47544	36.23383
3.62380	163.26433	3.26159	88.28633	3.51683	72.34836	3.19407	52.55523	3.33380	45.60457	3.65422	43.80213	3.50321	36.53290
3.84161	180.74113	3.34724	91.20733	3.59459	74.80539	3.25612	53.13130	3.34092	45.68204	3.71847	44.96530	3.96058	43.76637
3.99030	193.36309	3.44430	94.98249	3.63366	76.10443	3.40614	55.41784	3.45029	47.14785	3.78270	46.19878	4.02482	45.00475
4.07255	200.54590	3.55668	99.84603	3.68344	77.81491	3.43444	55.96418	3.54175	48.70437	3.84690	47.49248	4.08904	46.27721
