T	tau_y
0	609.46
10	572.06
20	550.09
30	531.66
40	515.21
50	500.09
60	485.96
70	472.59
80	461.35
90	450.77
100	440.58
110	430.72
120	421.16
130	411.86
140	402.80
150	393.95
160	385.29
170	376.81
180	368.50
190	360.34
200	352.32
210	344.44
220	336.68
230	329.03
240	321.50
250	314.07
260	306.74
270	299.50
280	292.35
290	285.28
300	278.30
310	271.39
320	264.56
330	257.80
340	251.10
350	244.47
360	238.79
370	237.15
380	235.52
390	233.91
400	232.31
410	230.73
420	229.16
430	227.60
440	226.05
450	224.52
460	222.99
470	221.48
480	219.98
490	218.48
500	217.00
510	215.53
520	214.07
530	212.62
540	211.17
550	209.74
560	208.31
570	206.89
580	205.48
590	204.08
600	202.69
610	201.30
620	199.92
630	198.55
640	197.19
650	195.83
660	194.48
670	193.14
680	191.80
690	190.47
700	189.15
710	187.83
720	186.52
730	185.22
740	183.92
750	182.62
760	181.34
770	180.05
780	178.78
790	177.51
800	176.24
810	174.98
820	173.73
830	172.48
840	171.23
850	169.99
860	168.76
870	167.53
880	166.30
890	165.08
900	163.86
910	162.65
920	161.44
930	160.24
940	159.04
950	157.85
960	156.66
970	155.47
980	154.29
990	153.11
1000	151.94
1010	150.77
1020	149.60
1030	148.44
1040	147.28
1050	146.12
1060	144.97
1070	143.82
1080	142.68
1090	141.54
1100	140.40
1110	139.27
1120	138.14
1130	137.01
1140	135.89
1150	134.77
1160	133.65
1170	132.54
1180	131.42
1190	130.32
1200	129.21
