Mo	Nb	Ta	V	W	T	V_ave	b_ave	E_ave	G_ave	nu_ave	sum_cnVn^2_b6	Ty0	Delta_Eb	Delta_sigma_ss	std_V_ave	std_b_ave	std_E_ave	std_G_ave	std_nu_ave	std_sum_cnVn^2_b6	std_Ty0	std_Delta_Eb	std_Delta_sigma_ss
21.70	20.60	15.60	21.00	21.10	0.00	16.16	2.76	223.57	77.90	0.43	0.01	667.97	3.29	2044.00	0.21	0.01	4.88	1.71	0.01	0.00	122.96	0.31	376.26
21.70	20.60	15.60	21.00	21.10	100.00	16.16	2.76	223.57	77.90	0.43	0.01	667.97	3.29	1797.75	0.21	0.01	4.88	1.71	0.01	0.00	122.96	0.31	345.76
21.70	20.60	15.60	21.00	21.10	200.00	16.16	2.76	223.57	77.90	0.43	0.01	667.97	3.29	1653.11	0.21	0.01	4.88	1.71	0.01	0.00	122.96	0.31	327.85
21.70	20.60	15.60	21.00	21.10	300.00	16.16	2.76	223.57	77.90	0.43	0.01	667.97	3.29	1531.79	0.21	0.01	4.88	1.71	0.01	0.00	122.96	0.31	312.85
21.70	20.60	15.60	21.00	21.10	400.00	16.16	2.76	223.57	77.90	0.43	0.01	667.97	3.29	1423.50	0.21	0.01	4.88	1.71	0.01	0.00	122.96	0.31	299.46
21.70	20.60	15.60	21.00	21.10	500.00	16.16	2.76	223.57	77.90	0.43	0.01	667.97	3.29	1323.97	0.21	0.01	4.88	1.71	0.01	0.00	122.96	0.31	287.17
21.70	20.60	15.60	21.00	21.10	600.00	16.16	2.76	223.57	77.90	0.43	0.01	667.97	3.29	1230.99	0.21	0.01	4.88	1.71	0.01	0.00	122.96	0.31	275.49
21.70	20.60	15.60	21.00	21.10	700.00	16.16	2.76	223.57	77.90	0.43	0.01	667.97	3.29	1144.40	0.21	0.01	4.88	1.71	0.01	0.00	122.96	0.31	262.01
21.70	20.60	15.60	21.00	21.10	800.00	16.16	2.76	223.57	77.90	0.43	0.01	667.97	3.29	1072.46	0.21	0.01	4.88	1.71	0.01	0.00	122.96	0.31	240.86
21.70	20.60	15.60	21.00	21.10	900.00	16.16	2.76	223.57	77.90	0.43	0.01	667.97	3.29	1018.07	0.21	0.01	4.88	1.71	0.01	0.00	122.96	0.31	233.84
21.70	20.60	15.60	21.00	21.10	1000.00	16.16	2.76	223.57	77.90	0.43	0.01	667.97	3.29	955.90	0.21	0.01	4.88	1.71	0.01	0.00	122.96	0.31	238.95
21.70	20.60	15.60	21.00	21.10	1100.00	16.16	2.76	223.57	77.90	0.43	0.01	667.97	3.29	887.34	0.21	0.01	4.88	1.71	0.01	0.00	122.96	0.31	230.00
21.70	20.60	15.60	21.00	21.10	1200.00	16.16	2.76	223.57	77.90	0.43	0.01	667.97	3.29	822.77	0.21	0.01	4.88	1.71	0.01	0.00	122.96	0.31	218.82
21.70	20.60	15.60	21.00	21.10	1300.00	16.16	2.76	223.57	77.90	0.43	0.01	667.97	3.29	762.93	0.21	0.01	4.88	1.71	0.01	0.00	122.96	0.31	208.05
21.70	20.60	15.60	21.00	21.10	1400.00	16.16	2.76	223.57	77.90	0.43	0.01	667.97	3.29	707.48	0.21	0.01	4.88	1.71	0.01	0.00	122.96	0.31	197.70
21.70	20.60	15.60	21.00	21.10	1500.00	16.16	2.76	223.57	77.90	0.43	0.01	667.97	3.29	656.09	0.21	0.01	4.88	1.71	0.01	0.00	122.96	0.31	187.75
21.70	20.60	15.60	21.00	21.10	1600.00	16.16	2.76	223.57	77.90	0.43	0.01	667.97	3.29	608.46	0.21	0.01	4.88	1.71	0.01	0.00	122.96	0.31	178.21
21.70	20.60	15.60	21.00	21.10	1700.00	16.16	2.76	223.57	77.90	0.43	0.01	667.97	3.29	564.32	0.21	0.01	4.88	1.71	0.01	0.00	122.96	0.31	169.06
21.70	20.60	15.60	21.00	21.10	1800.00	16.16	2.76	223.57	77.90	0.43	0.01	667.97	3.29	523.40	0.21	0.01	4.88	1.71	0.01	0.00	122.96	0.31	160.31
