Co	Ni	Fe	Mn	T	V_ave	b_ave	E_ave	G_ave	nu_ave	sum_cnVn^2_b6	Ty0	Delta_Eb	Delta_sigma_ss	std_V_ave	std_b_ave	std_E_ave	std_G_ave	std_nu_ave	std_sum_cnVn^2_b6	std_Ty0	std_Delta_Eb	std_Delta_sigma_ss
25.00	25.00	25.00	25.00	0.00	11.69	2.55	213.41	81.06	0.32	0.00	110.21	1.25	337.23	0.18	0.01	5.54	2.08	0.01	0.00	34.54	0.20	105.70
25.00	25.00	25.00	25.00	10.00	11.69	2.55	213.41	81.06	0.32	0.00	110.21	1.25	320.74	0.18	0.01	5.54	2.08	0.01	0.00	34.54	0.20	102.22
25.00	25.00	25.00	25.00	20.00	11.69	2.55	213.41	81.06	0.32	0.00	110.21	1.25	311.05	0.18	0.01	5.54	2.08	0.01	0.00	34.54	0.20	100.17
25.00	25.00	25.00	25.00	30.00	11.69	2.55	213.41	81.06	0.32	0.00	110.21	1.25	302.93	0.18	0.01	5.54	2.08	0.01	0.00	34.54	0.20	98.45
25.00	25.00	25.00	25.00	40.00	11.69	2.55	213.41	81.06	0.32	0.00	110.21	1.25	295.67	0.18	0.01	5.54	2.08	0.01	0.00	34.54	0.20	96.92
25.00	25.00	25.00	25.00	50.00	11.69	2.55	213.41	81.06	0.32	0.00	110.21	1.25	289.00	0.18	0.01	5.54	2.08	0.01	0.00	34.54	0.20	95.51
25.00	25.00	25.00	25.00	60.00	11.69	2.55	213.41	81.06	0.32	0.00	110.21	1.25	282.77	0.18	0.01	5.54	2.08	0.01	0.00	34.54	0.20	94.19
25.00	25.00	25.00	25.00	70.00	11.69	2.55	213.41	81.06	0.32	0.00	110.21	1.25	276.88	0.18	0.01	5.54	2.08	0.01	0.00	34.54	0.20	92.94
25.00	25.00	25.00	25.00	80.00	11.69	2.55	213.41	81.06	0.32	0.00	110.21	1.25	271.26	0.18	0.01	5.54	2.08	0.01	0.00	34.54	0.20	91.76
25.00	25.00	25.00	25.00	90.00	11.69	2.55	213.41	81.06	0.32	0.00	110.21	1.25	265.87	0.18	0.01	5.54	2.08	0.01	0.00	34.54	0.20	90.62
25.00	25.00	25.00	25.00	100.00	11.69	2.55	213.41	81.06	0.32	0.00	110.21	1.25	260.67	0.18	0.01	5.54	2.08	0.01	0.00	34.54	0.20	89.52
25.00	25.00	25.00	25.00	110.00	11.69	2.55	213.41	81.06	0.32	0.00	110.21	1.25	255.65	0.18	0.01	5.54	2.08	0.01	0.00	34.54	0.20	88.46
25.00	25.00	25.00	25.00	120.00	11.69	2.55	213.41	81.06	0.32	0.00	110.21	1.25	250.78	0.18	0.01	5.54	2.08	0.01	0.00	34.54	0.20	87.43
25.00	25.00	25.00	25.00	130.00	11.69	2.55	213.41	81.06	0.32	0.00	110.21	1.25	246.04	0.18	0.01	5.54	2.08	0.01	0.00	34.54	0.20	86.43
25.00	25.00	25.00	25.00	140.00	11.69	2.55	213.41	81.06	0.32	0.00	110.21	1.25	241.42	0.18	0.01	5.54	2.08	0.01	0.00	34.54	0.20	85.46
25.00	25.00	25.00	25.00	150.00	11.69	2.55	213.41	81.06	0.32	0.00	110.21	1.25	236.91	0.18	0.01	5.54	2.08	0.01	0.00	34.54	0.20	84.51
25.00	25.00	25.00	25.00	160.00	11.69	2.55	213.41	81.06	0.32	0.00	110.21	1.25	232.51	0.18	0.01	5.54	2.08	0.01	0.00	34.54	0.20	83.57
25.00	25.00	25.00	25.00	170.00	11.69	2.55	213.41	81.06	0.32	0.00	110.21	1.25	228.19	0.18	0.01	5.54	2.08	0.01	0.00	34.54	0.20	82.65
25.00	25.00	25.00	25.00	180.00	11.69	2.55	213.41	81.06	0.32	0.00	110.21	1.25	223.97	0.18	0.01	5.54	2.08	0.01	0.00	34.54	0.20	81.72
25.00	25.00	25.00	25.00	190.00	11.69	2.55	213.41	81.06	0.32	0.00	110.21	1.25	219.82	0.18	0.01	5.54	2.08	0.01	0.00	34.54	0.20	80.82
25.00	25.00	25.00	25.00	200.00	11.69	2.55	213.41	81.06	0.32	0.00	110.21	1.25	215.77	0.18	0.01	5.54	2.08	0.01	0.00	34.54	0.20	79.90
25.00	25.00	25.00	25.00	210.00	11.69	2.55	213.41	81.06	0.32	0.00	110.21	1.25	211.77	0.18	0.01	5.54	2.08	0.01	0.00	34.54	0.20	79.03
25.00	25.00	25.00	25.00	220.00	11.69	2.55	213.41	81.06	0.32	0.00	110.21	1.25	207.85	0.18	0.01	5.54	2.08	0.01	0.00	34.54	0.20	78.13
25.00	25.00	25.00	25.00	230.00	11.69	2.55	213.41	81.06	0.32	0.00	110.21	1.25	204.09	0.18	0.01	5.54	2.08	0.01	0.00	34.54	0.20	77.11
25.00	25.00	25.00	25.00	240.00	11.69	2.55	213.41	81.06	0.32	0.00	110.21	1.25	200.40	0.18	0.01	5.54	2.08	0.01	0.00	34.54	0.20	76.08
25.00	25.00	25.00	25.00	250.00	11.69	2.55	213.41	81.06	0.32	0.00	110.21	1.25	196.87	0.18	0.01	5.54	2.08	0.01	0.00	34.54	0.20	74.96
25.00	25.00	25.00	25.00	260.00	11.69	2.55	213.41	81.06	0.32	0.00	110.21	1.25	193.47	0.18	0.01	5.54	2.08	0.01	0.00	34.54	0.20	73.79
25.00	25.00	25.00	25.00	270.00	11.69	2.55	213.41	81.06	0.32	0.00	110.21	1.25	190.19	0.18	0.01	5.54	2.08	0.01	0.00	34.54	0.20	72.61
25.00	25.00	25.00	25.00	280.00	11.69	2.55	213.41	81.06	0.32	0.00	110.21	1.25	187.03	0.18	0.01	5.54	2.08	0.01	0.00	34.54	0.20	71.44
25.00	25.00	25.00	25.00	290.00	11.69	2.55	213.41	81.06	0.32	0.00	110.21	1.25	183.94	0.18	0.01	5.54	2.08	0.01	0.00	34.54	0.20	70.31
25.00	25.00	25.00	25.00	300.00	11.69	2.55	213.41	81.06	0.32	0.00	110.21	1.25	181.13	0.18	0.01	5.54	2.08	0.01	0.00	34.54	0.20	69.18
25.00	25.00	25.00	25.00	310.00	11.69	2.55	213.41	81.06	0.32	0.00	110.21	1.25	178.51	0.18	0.01	5.54	2.08	0.01	0.00	34.54	0.20	68.11
25.00	25.00	25.00	25.00	320.00	11.69	2.55	213.41	81.06	0.32	0.00	110.21	1.25	176.07	0.18	0.01	5.54	2.08	0.01	0.00	34.54	0.20	67.18
25.00	25.00	25.00	25.00	330.00	11.69	2.55	213.41	81.06	0.32	0.00	110.21	1.25	173.96	0.18	0.01	5.54	2.08	0.01	0.00	34.54	0.20	66.47
25.00	25.00	25.00	25.00	340.00	11.69	2.55	213.41	81.06	0.32	0.00	110.21	1.25	171.70	0.18	0.01	5.54	2.08	0.01	0.00	34.54	0.20	65.94
25.00	25.00	25.00	25.00	350.00	11.69	2.55	213.41	81.06	0.32	0.00	110.21	1.25	169.43	0.18	0.01	5.54	2.08	0.01	0.00	34.54	0.20	65.58
25.00	25.00	25.00	25.00	360.00	11.69	2.55	213.41	81.06	0.32	0.00	110.21	1.25	167.06	0.18	0.01	5.54	2.08	0.01	0.00	34.54	0.20	65.33
25.00	25.00	25.00	25.00	370.00	11.69	2.55	213.41	81.06	0.32	0.00	110.21	1.25	164.82	0.18	0.01	5.54	2.08	0.01	0.00	34.54	0.20	65.36
25.00	25.00	25.00	25.00	380.00	11.69	2.55	213.41	81.06	0.32	0.00	110.21	1.25	162.38	0.18	0.01	5.54	2.08	0.01	0.00	34.54	0.20	65.27
25.00	25.00	25.00	25.00	390.00	11.69	2.55	213.41	81.06	0.32	0.00	110.21	1.25	159.89	0.18	0.01	5.54	2.08	0.01	0.00	34.54	0.20	65.20
25.00	25.00	25.00	25.00	400.00	11.69	2.55	213.41	81.06	0.32	0.00	110.21	1.25	157.38	0.18	0.01	5.54	2.08	0.01	0.00	34.54	0.20	65.15
25.00	25.00	25.00	25.00	410.00	11.69	2.55	213.41	81.06	0.32	0.00	110.21	1.25	154.79	0.18	0.01	5.54	2.08	0.01	0.00	34.54	0.20	64.96
25.00	25.00	25.00	25.00	420.00	11.69	2.55	213.41	81.06	0.32	0.00	110.21	1.25	152.14	0.18	0.01	5.54	2.08	0.01	0.00	34.54	0.20	64.63
25.00	25.00	25.00	25.00	430.00	11.69	2.55	213.41	81.06	0.32	0.00	110.21	1.25	149.47	0.18	0.01	5.54	2.08	0.01	0.00	34.54	0.20	64.19
25.00	25.00	25.00	25.00	440.00	11.69	2.55	213.41	81.06	0.32	0.00	110.21	1.25	146.86	0.18	0.01	5.54	2.08	0.01	0.00	34.54	0.20	63.83
25.00	25.00	25.00	25.00	450.00	11.69	2.55	213.41	81.06	0.32	0.00	110.21	1.25	144.21	0.18	0.01	5.54	2.08	0.01	0.00	34.54	0.20	63.23
25.00	25.00	25.00	25.00	460.00	11.69	2.55	213.41	81.06	0.32	0.00	110.21	1.25	141.64	0.18	0.01	5.54	2.08	0.01	0.00	34.54	0.20	62.77
25.00	25.00	25.00	25.00	470.00	11.69	2.55	213.41	81.06	0.32	0.00	110.21	1.25	139.06	0.18	0.01	5.54	2.08	0.01	0.00	34.54	0.20	62.12
25.00	25.00	25.00	25.00	480.00	11.69	2.55	213.41	81.06	0.32	0.00	110.21	1.25	136.51	0.18	0.01	5.54	2.08	0.01	0.00	34.54	0.20	61.46
25.00	25.00	25.00	25.00	490.00	11.69	2.55	213.41	81.06	0.32	0.00	110.21	1.25	133.99	0.18	0.01	5.54	2.08	0.01	0.00	34.54	0.20	60.70
25.00	25.00	25.00	25.00	500.00	11.69	2.55	213.41	81.06	0.32	0.00	110.21	1.25	131.52	0.18	0.01	5.54	2.08	0.01	0.00	34.54	0.20	59.95
25.00	25.00	25.00	25.00	510.00	11.69	2.55	213.41	81.06	0.32	0.00	110.21	1.25	129.10	0.18	0.01	5.54	2.08	0.01	0.00	34.54	0.20	59.20
25.00	25.00	25.00	25.00	520.00	11.69	2.55	213.41	81.06	0.32	0.00	110.21	1.25	126.72	0.18	0.01	5.54	2.08	0.01	0.00	34.54	0.20	58.46
25.00	25.00	25.00	25.00	530.00	11.69	2.55	213.41	81.06	0.32	0.00	110.21	1.25	124.38	0.18	0.01	5.54	2.08	0.01	0.00	34.54	0.20	57.73
25.00	25.00	25.00	25.00	540.00	11.69	2.55	213.41	81.06	0.32	0.00	110.21	1.25	122.09	0.18	0.01	5.54	2.08	0.01	0.00	34.54	0.20	57.01
25.00	25.00	25.00	25.00	550.00	11.69	2.55	213.41	81.06	0.32	0.00	110.21	1.25	119.84	0.18	0.01	5.54	2.08	0.01	0.00	34.54	0.20	56.29
25.00	25.00	25.00	25.00	560.00	11.69	2.55	213.41	81.06	0.32	0.00	110.21	1.25	117.64	0.18	0.01	5.54	2.08	0.01	0.00	34.54	0.20	55.58
25.00	25.00	25.00	25.00	570.00	11.69	2.55	213.41	81.06	0.32	0.00	110.21	1.25	115.47	0.18	0.01	5.54	2.08	0.01	0.00	34.54	0.20	54.88
25.00	25.00	25.00	25.00	580.00	11.69	2.55	213.41	81.06	0.32	0.00	110.21	1.25	113.35	0.18	0.01	5.54	2.08	0.01	0.00	34.54	0.20	54.18
25.00	25.00	25.00	25.00	590.00	11.69	2.55	213.41	81.06	0.32	0.00	110.21	1.25	111.26	0.18	0.01	5.54	2.08	0.01	0.00	34.54	0.20	53.50
25.00	25.00	25.00	25.00	600.00	11.69	2.55	213.41	81.06	0.32	0.00	110.21	1.25	109.22	0.18	0.01	5.54	2.08	0.01	0.00	34.54	0.20	52.82
50.00	50.00	0.00	0.00	0.00	11.03	2.50	230.84	88.84	0.30	0.00	23.64	0.51	72.33	0.23	0.02	8.41	3.22	0.01	0.00	23.06	0.28	70.58
50.00	50.00	0.00	0.00	10.00	11.03	2.50	230.84	88.84	0.30	0.00	23.64	0.51	66.93	0.23	0.02	8.41	3.22	0.01	0.00	23.06	0.28	66.90
50.00	50.00	0.00	0.00	20.00	11.03	2.50	230.84	88.84	0.30	0.00	23.64	0.51	63.76	0.23	0.02	8.41	3.22	0.01	0.00	23.06	0.28	64.74
50.00	50.00	0.00	0.00	30.00	11.03	2.50	230.84	88.84	0.30	0.00	23.64	0.51	61.10	0.23	0.02	8.41	3.22	0.01	0.00	23.06	0.28	62.93
50.00	50.00	0.00	0.00	40.00	11.03	2.50	230.84	88.84	0.30	0.00	23.64	0.51	58.73	0.23	0.02	8.41	3.22	0.01	0.00	23.06	0.28	61.31
50.00	50.00	0.00	0.00	50.00	11.03	2.50	230.84	88.84	0.30	0.00	23.64	0.51	56.56	0.23	0.02	8.41	3.22	0.01	0.00	23.06	0.28	59.82
50.00	50.00	0.00	0.00	60.00	11.03	2.50	230.84	88.84	0.30	0.00	23.64	0.51	54.55	0.23	0.02	8.41	3.22	0.01	0.00	23.06	0.28	58.41
50.00	50.00	0.00	0.00	70.00	11.03	2.50	230.84	88.84	0.30	0.00	23.64	0.51	52.66	0.23	0.02	8.41	3.22	0.01	0.00	23.06	0.28	57.08
50.00	50.00	0.00	0.00	80.00	11.03	2.50	230.84	88.84	0.30	0.00	23.64	0.51	50.87	0.23	0.02	8.41	3.22	0.01	0.00	23.06	0.28	55.79
50.00	50.00	0.00	0.00	90.00	11.03	2.50	230.84	88.84	0.30	0.00	23.64	0.51	49.16	0.23	0.02	8.41	3.22	0.01	0.00	23.06	0.28	54.56
50.00	50.00	0.00	0.00	100.00	11.03	2.50	230.84	88.84	0.30	0.00	23.64	0.51	47.55	0.23	0.02	8.41	3.22	0.01	0.00	23.06	0.28	53.36
50.00	50.00	0.00	0.00	110.00	11.03	2.50	230.84	88.84	0.30	0.00	23.64	0.51	46.01	0.23	0.02	8.41	3.22	0.01	0.00	23.06	0.28	52.19
50.00	50.00	0.00	0.00	120.00	11.03	2.50	230.84	88.84	0.30	0.00	23.64	0.51	44.56	0.23	0.02	8.41	3.22	0.01	0.00	23.06	0.28	51.03
50.00	50.00	0.00	0.00	130.00	11.03	2.50	230.84	88.84	0.30	0.00	23.64	0.51	43.18	0.23	0.02	8.41	3.22	0.01	0.00	23.06	0.28	49.91
50.00	50.00	0.00	0.00	140.00	11.03	2.50	230.84	88.84	0.30	0.00	23.64	0.51	41.84	0.23	0.02	8.41	3.22	0.01	0.00	23.06	0.28	48.83
50.00	50.00	0.00	0.00	150.00	11.03	2.50	230.84	88.84	0.30	0.00	23.64	0.51	40.59	0.23	0.02	8.41	3.22	0.01	0.00	23.06	0.28	47.77
50.00	50.00	0.00	0.00	160.00	11.03	2.50	230.84	88.84	0.30	0.00	23.64	0.51	39.35	0.23	0.02	8.41	3.22	0.01	0.00	23.06	0.28	46.74
50.00	50.00	0.00	0.00	170.00	11.03	2.50	230.84	88.84	0.30	0.00	23.64	0.51	38.19	0.23	0.02	8.41	3.22	0.01	0.00	23.06	0.28	45.75
50.00	50.00	0.00	0.00	180.00	11.03	2.50	230.84	88.84	0.30	0.00	23.64	0.51	37.06	0.23	0.02	8.41	3.22	0.01	0.00	23.06	0.28	44.80
50.00	50.00	0.00	0.00	190.00	11.03	2.50	230.84	88.84	0.30	0.00	23.64	0.51	36.04	0.23	0.02	8.41	3.22	0.01	0.00	23.06	0.28	43.91
50.00	50.00	0.00	0.00	200.00	11.03	2.50	230.84	88.84	0.30	0.00	23.64	0.51	35.06	0.23	0.02	8.41	3.22	0.01	0.00	23.06	0.28	43.07
50.00	50.00	0.00	0.00	210.00	11.03	2.50	230.84	88.84	0.30	0.00	23.64	0.51	34.03	0.23	0.02	8.41	3.22	0.01	0.00	23.06	0.28	42.22
50.00	50.00	0.00	0.00	220.00	11.03	2.50	230.84	88.84	0.30	0.00	23.64	0.51	33.11	0.23	0.02	8.41	3.22	0.01	0.00	23.06	0.28	41.47
50.00	50.00	0.00	0.00	230.00	11.03	2.50	230.84	88.84	0.30	0.00	23.64	0.51	32.15	0.23	0.02	8.41	3.22	0.01	0.00	23.06	0.28	40.68
50.00	50.00	0.00	0.00	240.00	11.03	2.50	230.84	88.84	0.30	0.00	23.64	0.51	31.30	0.23	0.02	8.41	3.22	0.01	0.00	23.06	0.28	40.03
50.00	50.00	0.00	0.00	250.00	11.03	2.50	230.84	88.84	0.30	0.00	23.64	0.51	30.37	0.23	0.02	8.41	3.22	0.01	0.00	23.06	0.28	39.26
50.00	50.00	0.00	0.00	260.00	11.03	2.50	230.84	88.84	0.30	0.00	23.64	0.51	29.54	0.23	0.02	8.41	3.22	0.01	0.00	23.06	0.28	38.65
50.00	50.00	0.00	0.00	270.00	11.03	2.50	230.84	88.84	0.30	0.00	23.64	0.51	28.69	0.23	0.02	8.41	3.22	0.01	0.00	23.06	0.28	37.98
50.00	50.00	0.00	0.00	280.00	11.03	2.50	230.84	88.84	0.30	0.00	23.64	0.51	27.88	0.23	0.02	8.41	3.22	0.01	0.00	23.06	0.28	37.34
50.00	50.00	0.00	0.00	290.00	11.03	2.50	230.84	88.84	0.30	0.00	23.64	0.51	27.08	0.23	0.02	8.41	3.22	0.01	0.00	23.06	0.28	36.71
50.00	50.00	0.00	0.00	300.00	11.03	2.50	230.84	88.84	0.30	0.00	23.64	0.51	26.32	0.23	0.02	8.41	3.22	0.01	0.00	23.06	0.28	36.14
50.00	50.00	0.00	0.00	310.00	11.03	2.50	230.84	88.84	0.30	0.00	23.64	0.51	25.55	0.23	0.02	8.41	3.22	0.01	0.00	23.06	0.28	35.50
50.00	50.00	0.00	0.00	320.00	11.03	2.50	230.84	88.84	0.30	0.00	23.64	0.51	24.78	0.23	0.02	8.41	3.22	0.01	0.00	23.06	0.28	34.75
50.00	50.00	0.00	0.00	330.00	11.03	2.50	230.84	88.84	0.30	0.00	23.64	0.51	24.04	0.23	0.02	8.41	3.22	0.01	0.00	23.06	0.28	34.04
50.00	50.00	0.00	0.00	340.00	11.03	2.50	230.84	88.84	0.30	0.00	23.64	0.51	23.34	0.23	0.02	8.41	3.22	0.01	0.00	23.06	0.28	33.43
50.00	50.00	0.00	0.00	350.00	11.03	2.50	230.84	88.84	0.30	0.00	23.64	0.51	22.66	0.23	0.02	8.41	3.22	0.01	0.00	23.06	0.28	32.84
50.00	50.00	0.00	0.00	360.00	11.03	2.50	230.84	88.84	0.30	0.00	23.64	0.51	21.99	0.23	0.02	8.41	3.22	0.01	0.00	23.06	0.28	32.21
50.00	50.00	0.00	0.00	370.00	11.03	2.50	230.84	88.84	0.30	0.00	23.64	0.51	21.33	0.23	0.02	8.41	3.22	0.01	0.00	23.06	0.28	31.50
50.00	50.00	0.00	0.00	380.00	11.03	2.50	230.84	88.84	0.30	0.00	23.64	0.51	20.69	0.23	0.02	8.41	3.22	0.01	0.00	23.06	0.28	30.81
50.00	50.00	0.00	0.00	390.00	11.03	2.50	230.84	88.84	0.30	0.00	23.64	0.51	20.08	0.23	0.02	8.41	3.22	0.01	0.00	23.06	0.28	30.13
50.00	50.00	0.00	0.00	400.00	11.03	2.50	230.84	88.84	0.30	0.00	23.64	0.51	19.48	0.23	0.02	8.41	3.22	0.01	0.00	23.06	0.28	29.47
50.00	50.00	0.00	0.00	410.00	11.03	2.50	230.84	88.84	0.30	0.00	23.64	0.51	18.90	0.23	0.02	8.41	3.22	0.01	0.00	23.06	0.28	28.83
50.00	50.00	0.00	0.00	420.00	11.03	2.50	230.84	88.84	0.30	0.00	23.64	0.51	18.34	0.23	0.02	8.41	3.22	0.01	0.00	23.06	0.28	28.19
50.00	50.00	0.00	0.00	430.00	11.03	2.50	230.84	88.84	0.30	0.00	23.64	0.51	17.80	0.23	0.02	8.41	3.22	0.01	0.00	23.06	0.28	27.58
50.00	50.00	0.00	0.00	440.00	11.03	2.50	230.84	88.84	0.30	0.00	23.64	0.51	17.28	0.23	0.02	8.41	3.22	0.01	0.00	23.06	0.28	26.97
50.00	50.00	0.00	0.00	450.00	11.03	2.50	230.84	88.84	0.30	0.00	23.64	0.51	16.77	0.23	0.02	8.41	3.22	0.01	0.00	23.06	0.28	26.38
50.00	50.00	0.00	0.00	460.00	11.03	2.50	230.84	88.84	0.30	0.00	23.64	0.51	16.28	0.23	0.02	8.41	3.22	0.01	0.00	23.06	0.28	25.80
50.00	50.00	0.00	0.00	470.00	11.03	2.50	230.84	88.84	0.30	0.00	23.64	0.51	15.81	0.23	0.02	8.41	3.22	0.01	0.00	23.06	0.28	25.24
50.00	50.00	0.00	0.00	480.00	11.03	2.50	230.84	88.84	0.30	0.00	23.64	0.51	15.35	0.23	0.02	8.41	3.22	0.01	0.00	23.06	0.28	24.69
50.00	50.00	0.00	0.00	490.00	11.03	2.50	230.84	88.84	0.30	0.00	23.64	0.51	14.90	0.23	0.02	8.41	3.22	0.01	0.00	23.06	0.28	24.15
50.00	50.00	0.00	0.00	500.00	11.03	2.50	230.84	88.84	0.30	0.00	23.64	0.51	14.47	0.23	0.02	8.41	3.22	0.01	0.00	23.06	0.28	23.62
50.00	50.00	0.00	0.00	510.00	11.03	2.50	230.84	88.84	0.30	0.00	23.64	0.51	14.05	0.23	0.02	8.41	3.22	0.01	0.00	23.06	0.28	23.11
50.00	50.00	0.00	0.00	520.00	11.03	2.50	230.84	88.84	0.30	0.00	23.64	0.51	13.65	0.23	0.02	8.41	3.22	0.01	0.00	23.06	0.28	22.60
50.00	50.00	0.00	0.00	530.00	11.03	2.50	230.84	88.84	0.30	0.00	23.64	0.51	13.26	0.23	0.02	8.41	3.22	0.01	0.00	23.06	0.28	22.11
50.00	50.00	0.00	0.00	540.00	11.03	2.50	230.84	88.84	0.30	0.00	23.64	0.51	12.88	0.23	0.02	8.41	3.22	0.01	0.00	23.06	0.28	21.63
50.00	50.00	0.00	0.00	550.00	11.03	2.50	230.84	88.84	0.30	0.00	23.64	0.51	12.51	0.23	0.02	8.41	3.22	0.01	0.00	23.06	0.28	21.16
50.00	50.00	0.00	0.00	560.00	11.03	2.50	230.84	88.84	0.30	0.00	23.64	0.51	12.15	0.23	0.02	8.41	3.22	0.01	0.00	23.06	0.28	20.70
50.00	50.00	0.00	0.00	570.00	11.03	2.50	230.84	88.84	0.30	0.00	23.64	0.51	11.81	0.23	0.02	8.41	3.22	0.01	0.00	23.06	0.28	20.25
50.00	50.00	0.00	0.00	580.00	11.03	2.50	230.84	88.84	0.30	0.00	23.64	0.51	11.47	0.23	0.02	8.41	3.22	0.01	0.00	23.06	0.28	19.81
50.00	50.00	0.00	0.00	590.00	11.03	2.50	230.84	88.84	0.30	0.00	23.64	0.51	11.15	0.23	0.02	8.41	3.22	0.01	0.00	23.06	0.28	19.38
50.00	50.00	0.00	0.00	600.00	11.03	2.50	230.84	88.84	0.30	0.00	23.64	0.51	10.83	0.23	0.02	8.41	3.22	0.01	0.00	23.06	0.28	18.96
