Co	Ni	Fe	Cr	T	V_ave	b_ave	E_ave	G_ave	nu_ave	sum_cnVn^2_b6	Ty0	Delta_Eb	Delta_sigma_ss	std_V_ave	std_b_ave	std_E_ave	std_G_ave	std_nu_ave	std_sum_cnVn^2_b6	std_Ty0	std_Delta_Eb	std_Delta_sigma_ss
25.00	25.00	25.00	25.00	0.00	11.61	2.54	215.04	83.89	0.28	0.00	84.78	1.10	259.42	0.17	0.01	5.39	2.11	0.01	0.00	28.97	0.19	88.64
25.00	25.00	25.00	25.00	10.00	11.61	2.54	215.04	83.89	0.28	0.00	84.78	1.10	245.70	0.17	0.01	5.39	2.11	0.01	0.00	28.97	0.19	85.45
25.00	25.00	25.00	25.00	20.00	11.61	2.54	215.04	83.89	0.28	0.00	84.78	1.10	237.63	0.17	0.01	5.39	2.11	0.01	0.00	28.97	0.19	83.58
25.00	25.00	25.00	25.00	30.00	11.61	2.54	215.04	83.89	0.28	0.00	84.78	1.10	230.87	0.17	0.01	5.39	2.11	0.01	0.00	28.97	0.19	82.01
25.00	25.00	25.00	25.00	40.00	11.61	2.54	215.04	83.89	0.28	0.00	84.78	1.10	224.84	0.17	0.01	5.39	2.11	0.01	0.00	28.97	0.19	80.61
25.00	25.00	25.00	25.00	50.00	11.61	2.54	215.04	83.89	0.28	0.00	84.78	1.10	219.29	0.17	0.01	5.39	2.11	0.01	0.00	28.97	0.19	79.33
25.00	25.00	25.00	25.00	60.00	11.61	2.54	215.04	83.89	0.28	0.00	84.78	1.10	214.11	0.17	0.01	5.39	2.11	0.01	0.00	28.97	0.19	78.13
25.00	25.00	25.00	25.00	70.00	11.61	2.54	215.04	83.89	0.28	0.00	84.78	1.10	209.20	0.17	0.01	5.39	2.11	0.01	0.00	28.97	0.19	76.99
25.00	25.00	25.00	25.00	80.00	11.61	2.54	215.04	83.89	0.28	0.00	84.78	1.10	204.53	0.17	0.01	5.39	2.11	0.01	0.00	28.97	0.19	75.90
25.00	25.00	25.00	25.00	90.00	11.61	2.54	215.04	83.89	0.28	0.00	84.78	1.10	200.04	0.17	0.01	5.39	2.11	0.01	0.00	28.97	0.19	74.86
25.00	25.00	25.00	25.00	100.00	11.61	2.54	215.04	83.89	0.28	0.00	84.78	1.10	195.72	0.17	0.01	5.39	2.11	0.01	0.00	28.97	0.19	73.86
25.00	25.00	25.00	25.00	110.00	11.61	2.54	215.04	83.89	0.28	0.00	84.78	1.10	191.55	0.17	0.01	5.39	2.11	0.01	0.00	28.97	0.19	72.89
25.00	25.00	25.00	25.00	120.00	11.61	2.54	215.04	83.89	0.28	0.00	84.78	1.10	187.50	0.17	0.01	5.39	2.11	0.01	0.00	28.97	0.19	71.95
25.00	25.00	25.00	25.00	130.00	11.61	2.54	215.04	83.89	0.28	0.00	84.78	1.10	183.55	0.17	0.01	5.39	2.11	0.01	0.00	28.97	0.19	71.03
25.00	25.00	25.00	25.00	140.00	11.61	2.54	215.04	83.89	0.28	0.00	84.78	1.10	179.71	0.17	0.01	5.39	2.11	0.01	0.00	28.97	0.19	70.14
25.00	25.00	25.00	25.00	150.00	11.61	2.54	215.04	83.89	0.28	0.00	84.78	1.10	175.97	0.17	0.01	5.39	2.11	0.01	0.00	28.97	0.19	69.26
25.00	25.00	25.00	25.00	160.00	11.61	2.54	215.04	83.89	0.28	0.00	84.78	1.10	172.31	0.17	0.01	5.39	2.11	0.01	0.00	28.97	0.19	68.39
25.00	25.00	25.00	25.00	170.00	11.61	2.54	215.04	83.89	0.28	0.00	84.78	1.10	168.72	0.17	0.01	5.39	2.11	0.01	0.00	28.97	0.19	67.55
25.00	25.00	25.00	25.00	180.00	11.61	2.54	215.04	83.89	0.28	0.00	84.78	1.10	165.22	0.17	0.01	5.39	2.11	0.01	0.00	28.97	0.19	66.69
25.00	25.00	25.00	25.00	190.00	11.61	2.54	215.04	83.89	0.28	0.00	84.78	1.10	161.81	0.17	0.01	5.39	2.11	0.01	0.00	28.97	0.19	65.80
25.00	25.00	25.00	25.00	200.00	11.61	2.54	215.04	83.89	0.28	0.00	84.78	1.10	158.51	0.17	0.01	5.39	2.11	0.01	0.00	28.97	0.19	64.87
25.00	25.00	25.00	25.00	210.00	11.61	2.54	215.04	83.89	0.28	0.00	84.78	1.10	155.25	0.17	0.01	5.39	2.11	0.01	0.00	28.97	0.19	63.99
25.00	25.00	25.00	25.00	220.00	11.61	2.54	215.04	83.89	0.28	0.00	84.78	1.10	152.16	0.17	0.01	5.39	2.11	0.01	0.00	28.97	0.19	62.98
25.00	25.00	25.00	25.00	230.00	11.61	2.54	215.04	83.89	0.28	0.00	84.78	1.10	149.23	0.17	0.01	5.39	2.11	0.01	0.00	28.97	0.19	61.90
25.00	25.00	25.00	25.00	240.00	11.61	2.54	215.04	83.89	0.28	0.00	84.78	1.10	146.50	0.17	0.01	5.39	2.11	0.01	0.00	28.97	0.19	60.74
25.00	25.00	25.00	25.00	250.00	11.61	2.54	215.04	83.89	0.28	0.00	84.78	1.10	143.84	0.17	0.01	5.39	2.11	0.01	0.00	28.97	0.19	59.63
25.00	25.00	25.00	25.00	260.00	11.61	2.54	215.04	83.89	0.28	0.00	84.78	1.10	141.20	0.17	0.01	5.39	2.11	0.01	0.00	28.97	0.19	58.63
25.00	25.00	25.00	25.00	270.00	11.61	2.54	215.04	83.89	0.28	0.00	84.78	1.10	138.78	0.17	0.01	5.39	2.11	0.01	0.00	28.97	0.19	57.62
25.00	25.00	25.00	25.00	280.00	11.61	2.54	215.04	83.89	0.28	0.00	84.78	1.10	136.55	0.17	0.01	5.39	2.11	0.01	0.00	28.97	0.19	56.72
25.00	25.00	25.00	25.00	290.00	11.61	2.54	215.04	83.89	0.28	0.00	84.78	1.10	134.44	0.17	0.01	5.39	2.11	0.01	0.00	28.97	0.19	55.94
25.00	25.00	25.00	25.00	300.00	11.61	2.54	215.04	83.89	0.28	0.00	84.78	1.10	132.35	0.17	0.01	5.39	2.11	0.01	0.00	28.97	0.19	55.33
25.00	25.00	25.00	25.00	310.00	11.61	2.54	215.04	83.89	0.28	0.00	84.78	1.10	130.34	0.17	0.01	5.39	2.11	0.01	0.00	28.97	0.19	54.89
25.00	25.00	25.00	25.00	320.00	11.61	2.54	215.04	83.89	0.28	0.00	84.78	1.10	128.27	0.17	0.01	5.39	2.11	0.01	0.00	28.97	0.19	54.59
25.00	25.00	25.00	25.00	330.00	11.61	2.54	215.04	83.89	0.28	0.00	84.78	1.10	126.31	0.17	0.01	5.39	2.11	0.01	0.00	28.97	0.19	54.48
25.00	25.00	25.00	25.00	340.00	11.61	2.54	215.04	83.89	0.28	0.00	84.78	1.10	124.32	0.17	0.01	5.39	2.11	0.01	0.00	28.97	0.19	54.47
25.00	25.00	25.00	25.00	350.00	11.61	2.54	215.04	83.89	0.28	0.00	84.78	1.10	122.25	0.17	0.01	5.39	2.11	0.01	0.00	28.97	0.19	54.43
25.00	25.00	25.00	25.00	360.00	11.61	2.54	215.04	83.89	0.28	0.00	84.78	1.10	119.97	0.17	0.01	5.39	2.11	0.01	0.00	28.97	0.19	54.11
25.00	25.00	25.00	25.00	370.00	11.61	2.54	215.04	83.89	0.28	0.00	84.78	1.10	117.77	0.17	0.01	5.39	2.11	0.01	0.00	28.97	0.19	53.92
25.00	25.00	25.00	25.00	380.00	11.61	2.54	215.04	83.89	0.28	0.00	84.78	1.10	115.57	0.17	0.01	5.39	2.11	0.01	0.00	28.97	0.19	53.71
25.00	25.00	25.00	25.00	390.00	11.61	2.54	215.04	83.89	0.28	0.00	84.78	1.10	113.36	0.17	0.01	5.39	2.11	0.01	0.00	28.97	0.19	53.41
25.00	25.00	25.00	25.00	400.00	11.61	2.54	215.04	83.89	0.28	0.00	84.78	1.10	111.06	0.17	0.01	5.39	2.11	0.01	0.00	28.97	0.19	52.82
25.00	25.00	25.00	25.00	410.00	11.61	2.54	215.04	83.89	0.28	0.00	84.78	1.10	108.80	0.17	0.01	5.39	2.11	0.01	0.00	28.97	0.19	52.20
25.00	25.00	25.00	25.00	420.00	11.61	2.54	215.04	83.89	0.28	0.00	84.78	1.10	106.57	0.17	0.01	5.39	2.11	0.01	0.00	28.97	0.19	51.54
25.00	25.00	25.00	25.00	430.00	11.61	2.54	215.04	83.89	0.28	0.00	84.78	1.10	104.41	0.17	0.01	5.39	2.11	0.01	0.00	28.97	0.19	50.98
25.00	25.00	25.00	25.00	440.00	11.61	2.54	215.04	83.89	0.28	0.00	84.78	1.10	102.27	0.17	0.01	5.39	2.11	0.01	0.00	28.97	0.19	50.36
25.00	25.00	25.00	25.00	450.00	11.61	2.54	215.04	83.89	0.28	0.00	84.78	1.10	100.16	0.17	0.01	5.39	2.11	0.01	0.00	28.97	0.19	49.65
25.00	25.00	25.00	25.00	460.00	11.61	2.54	215.04	83.89	0.28	0.00	84.78	1.10	98.09	0.17	0.01	5.39	2.11	0.01	0.00	28.97	0.19	48.95
25.00	25.00	25.00	25.00	470.00	11.61	2.54	215.04	83.89	0.28	0.00	84.78	1.10	96.06	0.17	0.01	5.39	2.11	0.01	0.00	28.97	0.19	48.26
25.00	25.00	25.00	25.00	480.00	11.61	2.54	215.04	83.89	0.28	0.00	84.78	1.10	94.08	0.17	0.01	5.39	2.11	0.01	0.00	28.97	0.19	47.58
25.00	25.00	25.00	25.00	490.00	11.61	2.54	215.04	83.89	0.28	0.00	84.78	1.10	92.14	0.17	0.01	5.39	2.11	0.01	0.00	28.97	0.19	46.90
25.00	25.00	25.00	25.00	500.00	11.61	2.54	215.04	83.89	0.28	0.00	84.78	1.10	90.25	0.17	0.01	5.39	2.11	0.01	0.00	28.97	0.19	46.24
25.00	25.00	25.00	25.00	510.00	11.61	2.54	215.04	83.89	0.28	0.00	84.78	1.10	88.39	0.17	0.01	5.39	2.11	0.01	0.00	28.97	0.19	45.58
25.00	25.00	25.00	25.00	520.00	11.61	2.54	215.04	83.89	0.28	0.00	84.78	1.10	86.57	0.17	0.01	5.39	2.11	0.01	0.00	28.97	0.19	44.93
25.00	25.00	25.00	25.00	530.00	11.61	2.54	215.04	83.89	0.28	0.00	84.78	1.10	84.79	0.17	0.01	5.39	2.11	0.01	0.00	28.97	0.19	44.29
25.00	25.00	25.00	25.00	540.00	11.61	2.54	215.04	83.89	0.28	0.00	84.78	1.10	83.04	0.17	0.01	5.39	2.11	0.01	0.00	28.97	0.19	43.65
25.00	25.00	25.00	25.00	550.00	11.61	2.54	215.04	83.89	0.28	0.00	84.78	1.10	81.34	0.17	0.01	5.39	2.11	0.01	0.00	28.97	0.19	43.02
25.00	25.00	25.00	25.00	560.00	11.61	2.54	215.04	83.89	0.28	0.00	84.78	1.10	79.67	0.17	0.01	5.39	2.11	0.01	0.00	28.97	0.19	42.40
25.00	25.00	25.00	25.00	570.00	11.61	2.54	215.04	83.89	0.28	0.00	84.78	1.10	78.03	0.17	0.01	5.39	2.11	0.01	0.00	28.97	0.19	41.79
25.00	25.00	25.00	25.00	580.00	11.61	2.54	215.04	83.89	0.28	0.00	84.78	1.10	76.43	0.17	0.01	5.39	2.11	0.01	0.00	28.97	0.19	41.19
25.00	25.00	25.00	25.00	590.00	11.61	2.54	215.04	83.89	0.28	0.00	84.78	1.10	74.86	0.17	0.01	5.39	2.11	0.01	0.00	28.97	0.19	40.59
25.00	25.00	25.00	25.00	600.00	11.61	2.54	215.04	83.89	0.28	0.00	84.78	1.10	73.33	0.17	0.01	5.39	2.11	0.01	0.00	28.97	0.19	40.00
